16 0.798295 0.512848 0.113636 0.100642
12 0.688210 0.306210 0.393466 0.197002
15 0.541193 0.314775 0.147727 0.171306
15 0.813920 0.274090 0.142045 0.128480
3 0.759943 0.491435 0.281250 0.310493
18 0.681108 0.679872 0.470170 0.344754
11 0.434659 0.751606 0.159091 0.316916
1 0.116477 0.517131 0.068182 0.186296
0 0.480824 0.518201 0.291193 0.351178
5 0.243608 0.637045 0.225852 0.199143
2 0.318892 0.270878 0.117898 0.182013
2 0.426136 0.290150 0.079545 0.177730
9 0.308949 0.430407 0.171875 0.522484
19 0.128551 0.312634 0.044034 0.055675
8 0.210938 0.262313 0.132102 0.164882
4 0.205966 0.395075 0.164773 0.451820
14 0.105114 0.438972 0.062500 0.205567
3 0.597301 0.207709 0.311080 0.085653
20 0.465909 0.163812 0.434659 0.057816