7 0.476134 0.215569 0.365155 0.239521
2 0.862768 0.206587 0.107399 0.169661
8 0.715394 0.246507 0.184964 0.253493
19 0.656325 0.376248 0.097852 0.137725
13 0.284010 0.395210 0.420048 0.295409
10 0.244033 0.554890 0.189737 0.155689
17 0.230310 0.669661 0.374702 0.469062
14 0.449881 0.530938 0.274463 0.419162
4 0.712411 0.413174 0.269690 0.626747
0 0.883652 0.434132 0.165871 0.349301
20 0.695107 0.101796 0.430788 0.075848
1 0.446301 0.791417 0.195704 0.329341
11 0.906325 0.553892 0.099045 0.213573
5 0.711814 0.684631 0.328162 0.219561
8 0.574582 0.334331 0.079952 0.161677