11 0.867424 0.369309 0.042929 0.155143
9 0.825758 0.267285 0.090909 0.328836
14 0.565025 0.467960 0.251263 0.254637
17 0.297980 0.633221 0.479798 0.436762
4 0.748106 0.338954 0.130051 0.455312
1 0.565025 0.677066 0.140152 0.295110
10 0.383207 0.639966 0.193182 0.096121
13 0.395202 0.426644 0.570707 0.327150
7 0.533460 0.209949 0.337121 0.163575
19 0.750631 0.264755 0.079545 0.057336
0 0.871843 0.280776 0.046717 0.210793
5 0.749369 0.509275 0.203283 0.239460
20 0.630051 0.110455 0.280303 0.045531
6 0.106061 0.576728 0.050505 0.104553
6 0.187500 0.634064 0.082071 0.091062
8 0.748737 0.186341 0.070707 0.133221
2 0.809343 0.176223 0.055556 0.119730
2 0.840909 0.171164 0.027778 0.072513