11 0.847854 0.710793 0.162879 0.187184
15 0.948864 0.492411 0.061869 0.101180
3 0.910354 0.360877 0.055556 0.165261
8 0.470328 0.375211 0.301768 0.180438
4 0.467172 0.490725 0.388889 0.445194
7 0.328914 0.347386 0.220960 0.165261
13 0.165404 0.424115 0.217172 0.109612
10 0.051768 0.519393 0.080808 0.080944
1 0.166035 0.705734 0.170455 0.190556
14 0.184975 0.564924 0.231061 0.303541
17 0.054924 0.636594 0.099747 0.193929
0 0.811237 0.577572 0.306818 0.305228
18 0.945076 0.624789 0.071970 0.160202
5 0.470960 0.696459 0.398990 0.091062
20 0.658460 0.263912 0.453283 0.052277
2 0.760732 0.371838 0.205808 0.180438