7 0.531593 0.255064 0.387363 0.189687
9 0.855082 0.367403 0.105769 0.366483
11 0.879121 0.505525 0.087912 0.156538
2 0.884615 0.243094 0.016484 0.058932
2 0.847527 0.252302 0.074176 0.121547
14 0.596841 0.536832 0.171703 0.263352
17 0.337225 0.622468 0.468407 0.353591
4 0.753434 0.417127 0.163462 0.465930
1 0.572115 0.709024 0.144231 0.265193
8 0.665522 0.351750 0.045330 0.103131
8 0.752060 0.276243 0.108516 0.165746
6 0.200549 0.586556 0.184066 0.182320
10 0.428571 0.511050 0.269231 0.152855
13 0.385989 0.394107 0.502747 0.228361
16 0.182005 0.659300 0.105769 0.125230
19 0.739011 0.385820 0.093407 0.101289
0 0.897665 0.401473 0.067308 0.254144
5 0.757555 0.600368 0.221154 0.169429
20 0.649038 0.165746 0.322802 0.051565
15 0.914148 0.277164 0.023352 0.068140