19 0.182720 0.347193 0.048159 0.062370
1 0.114731 0.539501 0.073654 0.201663
11 0.476629 0.733888 0.157224 0.307692
5 0.268414 0.669439 0.256374 0.191268
15 0.706799 0.518711 0.161473 0.114345
15 0.899433 0.465696 0.019830 0.074844
18 0.721671 0.668399 0.403683 0.322245
3 0.764873 0.483368 0.286119 0.288981
0 0.550283 0.525988 0.335694 0.340956
12 0.649433 0.299376 0.313031 0.153846
2 0.405807 0.313929 0.177054 0.174636
9 0.385269 0.448025 0.229462 0.480249
8 0.272663 0.301455 0.128895 0.149688
4 0.248584 0.423077 0.199717 0.426195
20 0.485836 0.209979 0.371105 0.062370
14 0.119688 0.471933 0.103399 0.212058
17 0.072238 0.497921 0.008499 0.072765
13 0.136686 0.358628 0.046742 0.022869