11 0.877098 0.667360 0.173861 0.291060
1 0.059353 0.769231 0.116307 0.303534
19 0.254796 0.365904 0.056355 0.124740
8 0.363309 0.241164 0.359712 0.278586
4 0.358513 0.439709 0.414868 0.708940
5 0.465228 0.768191 0.628297 0.135135
9 0.706235 0.408524 0.326139 0.642412
2 0.699640 0.200624 0.221823 0.214137
2 0.852518 0.201663 0.093525 0.137214
13 0.079736 0.354470 0.159472 0.155925
14 0.091727 0.590437 0.183453 0.415800
7 0.235012 0.237006 0.235012 0.266112
20 0.625899 0.086279 0.565947 0.089397
0 0.868106 0.522869 0.261391 0.372141