16 0.150754 0.548495 0.103015 0.100334
8 0.811558 0.399666 0.108040 0.123746
14 0.917714 0.528428 0.056533 0.180602
2 0.623744 0.443144 0.038945 0.103679
5 0.792714 0.704013 0.193467 0.173913
1 0.910176 0.576923 0.061558 0.150502
4 0.824749 0.510870 0.157035 0.359532
3 0.271357 0.558528 0.396985 0.270903
20 0.594849 0.331940 0.425879 0.065217
19 0.888191 0.427258 0.050251 0.041806
18 0.329774 0.795151 0.531407 0.386288
15 0.351131 0.665552 0.139447 0.127090
15 0.089196 0.483278 0.032663 0.076923
15 0.258794 0.577759 0.095477 0.108696
0 0.515075 0.619565 0.422111 0.282609
11 0.609296 0.818562 0.150754 0.292642
9 0.730528 0.532609 0.172111 0.406355
12 0.417085 0.414716 0.359296 0.167224
2 0.714196 0.413880 0.126884 0.148829