3 0.235626 0.527619 0.344983 0.495238
16 0.193912 0.536190 0.135287 0.142857
18 0.351184 0.717143 0.573844 0.478095
15 0.461669 0.248571 0.098083 0.283810
15 0.468433 0.530476 0.156708 0.295238
12 0.276776 0.230476 0.388952 0.316190
2 0.543968 0.258095 0.113867 0.241905
2 0.620631 0.169524 0.098083 0.209524
2 0.720406 0.163810 0.121759 0.236190
0 0.603157 0.490476 0.232244 0.390476
11 0.632469 0.758095 0.139797 0.365714
9 0.732244 0.351429 0.149944 0.603810
5 0.777903 0.572381 0.144307 0.222857
4 0.809470 0.293333 0.133033 0.487619
8 0.800451 0.147619 0.112740 0.196190
19 0.879932 0.197143 0.050733 0.066667
14 0.883315 0.287619 0.028185 0.121905
1 0.864713 0.415238 0.060879 0.190476
20 0.599775 0.065714 0.378805 0.089524
3 0.351747 0.064762 0.333709 0.080000
17 0.895716 0.361905 0.019166 0.095238