7 0.541012 0.277389 0.376963 0.219114
20 0.399651 0.165501 0.282723 0.055944
13 0.683246 0.437063 0.452007 0.244755
10 0.683246 0.576923 0.221640 0.118881
6 0.843805 0.562937 0.151832 0.142191
16 0.909250 0.660839 0.055846 0.109557
17 0.740838 0.662005 0.389180 0.303030
14 0.527051 0.518648 0.268761 0.263403
5 0.284468 0.547786 0.226876 0.177156
19 0.315881 0.347319 0.073298 0.069930
8 0.301920 0.266900 0.111693 0.174825
8 0.380454 0.332168 0.041885 0.104895
4 0.315009 0.395105 0.183246 0.445221
2 0.206806 0.230769 0.071553 0.111888
2 0.166667 0.222611 0.019197 0.058275
9 0.186736 0.332168 0.122164 0.328671
11 0.142234 0.425408 0.061082 0.156177
0 0.117801 0.305361 0.054101 0.186480
15 0.095113 0.259907 0.012216 0.030303
1 0.500000 0.659674 0.144852 0.261072