6 0.803937 0.520921 0.140157 0.179916
10 0.660630 0.530335 0.149606 0.106695
17 0.701575 0.656904 0.382677 0.326360
14 0.488189 0.465481 0.292913 0.286611
13 0.627559 0.390167 0.480315 0.173640
7 0.471654 0.251046 0.307087 0.167364
19 0.284252 0.310669 0.092913 0.069038
1 0.463780 0.691423 0.181102 0.294979
4 0.275591 0.380753 0.157480 0.439331
9 0.172441 0.342050 0.108661 0.366109
2 0.179528 0.239540 0.078740 0.127615
8 0.272441 0.248954 0.125984 0.150628
0 0.119685 0.387029 0.100787 0.221757
20 0.320472 0.158996 0.373228 0.033473
5 0.262205 0.584728 0.222047 0.173640
11 0.133071 0.498954 0.080315 0.173640
2 0.115748 0.228033 0.067717 0.104603