15 0.439375 0.530782 0.221250 0.156406
11 0.640000 0.699667 0.165000 0.311148
18 0.324375 0.675541 0.571250 0.299501
12 0.270625 0.293677 0.406250 0.204659
3 0.208125 0.497504 0.311250 0.302829
0 0.536250 0.495008 0.395000 0.337770
20 0.526250 0.152246 0.522500 0.064892
2 0.582500 0.267887 0.122500 0.183028
8 0.821875 0.256240 0.128750 0.146423
4 0.842500 0.382696 0.165000 0.399334
2 0.715000 0.266223 0.152500 0.163062
9 0.733750 0.405990 0.195000 0.449251
5 0.819375 0.594842 0.201250 0.144759
19 0.911875 0.300333 0.053750 0.054908
1 0.943125 0.486689 0.048750 0.171381
14 0.935000 0.395175 0.057500 0.138103
15 0.056875 0.473378 0.013750 0.104825
3 0.325000 0.172213 0.287500 0.048253