7 0.422170 0.233684 0.369497 0.130526
8 0.187107 0.240000 0.094340 0.134737
4 0.170597 0.375789 0.133648 0.414737
1 0.306604 0.653684 0.154088 0.351579
17 0.643868 0.652632 0.580189 0.311579
10 0.561321 0.497895 0.283019 0.115789
13 0.570755 0.392632 0.701258 0.204211
14 0.331761 0.484211 0.235849 0.265263
5 0.150943 0.556842 0.157233 0.187368
16 0.868711 0.623158 0.149371 0.134737
6 0.841981 0.592632 0.196541 0.313684
20 0.298742 0.171579 0.279874 0.027368
2 0.132075 0.236842 0.072327 0.111579
9 0.109277 0.334737 0.117925 0.320000
11 0.073113 0.481053 0.055031 0.153684
19 0.187893 0.305263 0.086478 0.105263
2 0.095126 0.264211 0.026730 0.052632