7 0.739348 0.118531 0.458647 0.233723
8 0.971178 0.121870 0.057644 0.143573
4 0.929198 0.305509 0.141604 0.544240
1 0.705514 0.612688 0.203008 0.320534
17 0.402256 0.539232 0.466165 0.477462
10 0.451128 0.506678 0.243108 0.108514
13 0.520677 0.303840 0.677945 0.343907
16 0.221805 0.501669 0.082707 0.155259
20 0.944236 0.012521 0.109023 0.021703
5 0.927318 0.533389 0.142857 0.108514
14 0.714912 0.449917 0.389724 0.429048
14 0.343985 0.214524 0.327068 0.168614
19 0.961153 0.195326 0.077694 0.063439
6 0.239975 0.477462 0.124060 0.313856
10 0.176065 0.318865 0.013784 0.046745
19 0.552632 0.074290 0.027569 0.028381