19 0.160636 0.295146 0.040570 0.062136
1 0.122259 0.533010 0.084430 0.223301
11 0.497807 0.771845 0.175439 0.374757
15 0.649671 0.454369 0.183114 0.151456
15 0.878838 0.372816 0.014254 0.073786
18 0.711075 0.634951 0.382675 0.462136
16 0.833882 0.640777 0.084430 0.124272
0 0.478618 0.551456 0.251096 0.431068
5 0.253289 0.660194 0.210526 0.147573
20 0.478618 0.162136 0.404605 0.126214
9 0.351425 0.421359 0.187500 0.570874
8 0.245066 0.235922 0.148026 0.176699
4 0.234101 0.401942 0.194079 0.516505
14 0.115680 0.446602 0.082237 0.287379
2 0.365680 0.236893 0.121711 0.174757
12 0.700658 0.249515 0.307018 0.203883
3 0.708882 0.343689 0.345395 0.454369
2 0.473136 0.248544 0.053728 0.135922