11 0.885694 0.507143 0.065919 0.173469
2 0.849930 0.274490 0.072931 0.128571
9 0.853436 0.381633 0.096774 0.375510
19 0.784712 0.354082 0.096774 0.075510
16 0.193548 0.724490 0.126227 0.130612
6 0.234222 0.659184 0.109397 0.122449
6 0.151473 0.614286 0.056101 0.118367
17 0.349229 0.717347 0.482468 0.426531
13 0.422160 0.470408 0.561010 0.279592
10 0.433380 0.661224 0.244039 0.118367
10 0.135344 0.515306 0.029453 0.104082
1 0.599579 0.773469 0.147265 0.342857
14 0.598878 0.541837 0.266480 0.369388
8 0.785414 0.289796 0.072931 0.155102
4 0.783310 0.440816 0.127630 0.493878
5 0.776999 0.640816 0.215989 0.261224
0 0.902525 0.406122 0.051893 0.224490
18 0.938990 0.429592 0.043478 0.136735
20 0.671809 0.201020 0.325386 0.051020
7 0.569425 0.288776 0.336606 0.169388
19 0.410238 0.303061 0.032258 0.042857
3 0.899018 0.280612 0.016830 0.018367