16 0.861421 0.495020 0.098886 0.117530
10 0.686630 0.462151 0.214485 0.147410
10 0.940111 0.349602 0.005571 0.049801
12 0.752089 0.236056 0.342618 0.245020
3 0.782033 0.476096 0.316156 0.370518
18 0.740947 0.668327 0.420613 0.416335
0 0.487465 0.504980 0.278552 0.368526
11 0.474930 0.760956 0.186630 0.342629
2 0.353760 0.189243 0.172702 0.215139
2 0.448468 0.210159 0.091922 0.205179
9 0.362813 0.380478 0.282730 0.613546
8 0.208914 0.182271 0.155989 0.193227
8 0.122563 0.215139 0.005571 0.015936
19 0.096797 0.241036 0.051532 0.055777
4 0.195682 0.342629 0.210306 0.537849
1 0.081476 0.475100 0.079387 0.201195
14 0.071031 0.389442 0.077994 0.245020
13 0.063370 0.285857 0.043175 0.045817
5 0.243036 0.631474 0.282730 0.243028
20 0.475627 0.093625 0.519499 0.099602
3 0.711699 0.104582 0.264624 0.069721