11 0.129420 0.563034 0.089109 0.211538
1 0.510608 0.755342 0.155587 0.297009
5 0.290665 0.669872 0.284300 0.185897
10 0.688119 0.585470 0.154173 0.128205
14 0.510608 0.581197 0.198020 0.303419
13 0.692362 0.464744 0.428571 0.220085
7 0.541018 0.290598 0.332390 0.205128
19 0.378359 0.377137 0.091938 0.096154
8 0.347242 0.288462 0.151344 0.192308
2 0.222772 0.264957 0.100424 0.149573
2 0.142150 0.247863 0.072136 0.094017
4 0.338048 0.454060 0.181047 0.544872
9 0.209335 0.408120 0.144272 0.457265
20 0.340877 0.181624 0.444130 0.059829
15 0.069307 0.341880 0.016973 0.068376
18 0.070721 0.455128 0.028289 0.179487
0 0.119519 0.424145 0.094767 0.309829
17 0.738331 0.707265 0.367751 0.324786
6 0.842291 0.590812 0.140028 0.134615