5 0.792963 0.611895 0.240866 0.256048
17 0.292963 0.712702 0.548038 0.514113
1 0.584574 0.797379 0.159675 0.356855
8 0.784844 0.194556 0.127199 0.231855
8 0.684032 0.289315 0.060893 0.143145
14 0.603518 0.538306 0.216509 0.338710
19 0.766576 0.326613 0.109608 0.120968
4 0.783491 0.375000 0.181326 0.629032
13 0.330853 0.418347 0.561570 0.340726
6 0.126522 0.664315 0.201624 0.243952
11 0.924222 0.467742 0.092016 0.197581
2 0.889039 0.150202 0.078484 0.155242
2 0.926928 0.123992 0.018945 0.062500
9 0.901894 0.295363 0.123139 0.465726
7 0.514885 0.195565 0.472260 0.282258
20 0.711773 0.061492 0.454668 0.078629
0 0.961434 0.265121 0.052774 0.203629
15 0.977673 0.221774 0.012179 0.048387