13 0.363158 0.415691 0.540351 0.250585
17 0.324561 0.688525 0.585965 0.501171
20 0.592105 0.156909 0.292982 0.032787
10 0.085965 0.462529 0.031579 0.105386
10 0.467544 0.594848 0.257895 0.177986
4 0.736842 0.387588 0.108772 0.433255
14 0.617544 0.470726 0.175439 0.304450
5 0.749123 0.578454 0.136842 0.248244
19 0.744737 0.322014 0.082456 0.063232
7 0.500877 0.262295 0.419298 0.206089
8 0.724561 0.283372 0.084211 0.192037
2 0.785088 0.229508 0.064912 0.112412
11 0.819298 0.454333 0.045614 0.149883
1 0.633333 0.700234 0.094737 0.295082
6 0.206140 0.583138 0.240351 0.187354
0 0.833333 0.320843 0.031579 0.140515
9 0.794737 0.324356 0.087719 0.306792