5 0.236512 0.601836 0.234630 0.245409
11 0.099749 0.460768 0.076537 0.180301
3 0.094103 0.242070 0.072773 0.040067
0 0.088457 0.360601 0.081556 0.243740
2 0.142409 0.237062 0.058971 0.090150
4 0.186951 0.400668 0.170640 0.430718
20 0.331242 0.175292 0.331242 0.053422
19 0.216437 0.348080 0.066499 0.061770
19 0.599749 0.275459 0.027604 0.033389
7 0.436010 0.272955 0.347553 0.185309
1 0.437265 0.731219 0.161857 0.287145
14 0.432246 0.540067 0.332497 0.362270
17 0.720828 0.727045 0.478043 0.345576
10 0.917817 0.518364 0.053952 0.125209
10 0.644291 0.663606 0.176913 0.141903
6 0.825596 0.612688 0.170640 0.160267
13 0.612923 0.483306 0.618570 0.362270
16 0.872647 0.735392 0.121706 0.145242
8 0.195107 0.261269 0.116688 0.145242