6 0.710158 0.540793 0.295972 0.172494
10 0.444834 0.533800 0.269702 0.158508
10 0.868651 0.466200 0.035026 0.149184
17 0.583187 0.635198 0.637478 0.398601
13 0.550788 0.392774 0.600701 0.216783
14 0.291594 0.458042 0.201401 0.328671
7 0.432574 0.220280 0.423818 0.170163
19 0.161996 0.271562 0.092820 0.072261
8 0.172504 0.202797 0.068301 0.139860
20 0.329247 0.129371 0.353765 0.034965
1 0.285464 0.677156 0.140105 0.337995
2 0.121716 0.198135 0.075306 0.121212
11 0.088441 0.447552 0.061296 0.177156
4 0.159370 0.369464 0.108581 0.473193
5 0.148862 0.560606 0.133100 0.207459
9 0.109457 0.311189 0.110333 0.356643
0 0.056042 0.303030 0.017513 0.102564