16 0.866038 0.570952 0.132075 0.133556
18 0.697484 0.626043 0.569811 0.340568
3 0.665409 0.414858 0.611321 0.315526
15 0.609434 0.464942 0.252830 0.145242
15 0.949686 0.365609 0.027673 0.120200
2 0.307547 0.277129 0.122013 0.130217
19 0.083019 0.334725 0.070440 0.051753
8 0.201258 0.274624 0.173585 0.148581
5 0.204403 0.623539 0.187421 0.135225
4 0.185535 0.417362 0.210063 0.434057
0 0.392453 0.517529 0.327044 0.373957
14 0.074214 0.460768 0.083019 0.223706
8 0.492453 0.231219 0.142138 0.091820
1 0.081761 0.519199 0.077987 0.176962
11 0.403145 0.708681 0.167296 0.302170
7 0.355346 0.246244 0.124528 0.081803