1 0.543949 0.726510 0.175796 0.295302
11 0.885350 0.517617 0.089172 0.176174
15 0.937580 0.318792 0.012739 0.050336
10 0.086624 0.447987 0.025478 0.053691
10 0.354777 0.531040 0.215287 0.109060
19 0.689172 0.350671 0.066242 0.050336
19 0.319108 0.270973 0.026752 0.021812
0 0.902548 0.401007 0.085350 0.255034
5 0.762420 0.604866 0.238217 0.186242
20 0.668790 0.145973 0.440764 0.070470
14 0.542038 0.497483 0.245860 0.360738
17 0.284076 0.654362 0.473885 0.318792
6 0.174522 0.520134 0.221656 0.177852
7 0.501274 0.260067 0.411465 0.187919
13 0.338854 0.390940 0.501911 0.187919
4 0.729299 0.396812 0.200000 0.518456
9 0.851592 0.354027 0.118471 0.426174
2 0.838217 0.241611 0.071338 0.140940
2 0.875796 0.236577 0.019108 0.104027