17 0.369408 0.582803 0.329004 0.420382
6 0.276335 0.527070 0.134199 0.168790
10 0.430014 0.517516 0.144300 0.156051
14 0.545455 0.445860 0.170274 0.394904
13 0.416306 0.339172 0.347763 0.207006
7 0.522367 0.187898 0.268398 0.203822
20 0.636364 0.087580 0.248196 0.060510
4 0.685426 0.359873 0.126984 0.528662
8 0.681097 0.205414 0.101010 0.200637
1 0.554834 0.651274 0.111111 0.328025
9 0.769841 0.299363 0.088023 0.407643
0 0.830447 0.326433 0.062049 0.264331
2 0.807359 0.164013 0.044733 0.079618
11 0.822511 0.433121 0.051948 0.210191
5 0.705628 0.579618 0.202020 0.242038
18 0.856421 0.361465 0.015873 0.124204
2 0.756854 0.164013 0.056277 0.111465