11 0.452500 0.801411 0.165000 0.364919
2 0.358125 0.240927 0.143750 0.167339
12 0.738750 0.288306 0.290000 0.185484
13 0.121250 0.276210 0.110000 0.088710
19 0.135625 0.287298 0.043750 0.062500
20 0.513125 0.161290 0.558750 0.080645
3 0.781875 0.511089 0.293750 0.344758
15 0.640625 0.465726 0.236250 0.120968
15 0.902500 0.416331 0.030000 0.082661
5 0.246250 0.660282 0.220000 0.219758
14 0.101875 0.455645 0.078750 0.278226
0 0.521875 0.556452 0.351250 0.463710
18 0.728750 0.737903 0.402500 0.318548
3 0.688125 0.262097 0.273750 0.201613
9 0.335625 0.416331 0.193750 0.538306
2 0.460625 0.247984 0.066250 0.149194
4 0.216875 0.370968 0.191250 0.439516
8 0.232500 0.234879 0.132500 0.151210
1 0.113750 0.549395 0.095000 0.219758