15 0.655786 0.519355 0.136499 0.148387
3 0.748516 0.409677 0.333828 0.522581
12 0.750742 0.300000 0.302671 0.221505
18 0.711424 0.676344 0.440653 0.337634
2 0.524481 0.279570 0.135015 0.206452
2 0.367211 0.260215 0.170623 0.197849
9 0.355341 0.422581 0.238872 0.548387
11 0.465134 0.764516 0.164688 0.329032
5 0.232196 0.669892 0.289318 0.169892
0 0.520030 0.540860 0.360534 0.346237
4 0.195846 0.400000 0.222552 0.503226
8 0.213650 0.246237 0.160237 0.174194
19 0.105341 0.298925 0.050445 0.060215
13 0.055638 0.327957 0.060831 0.045161
14 0.050445 0.454839 0.094955 0.260215
1 0.063798 0.551613 0.094955 0.221505
20 0.481454 0.151613 0.535608 0.092473
16 0.833086 0.508602 0.108309 0.105376