17 0.694841 0.620079 0.357849 0.437008
6 0.790889 0.642717 0.170143 0.253937
16 0.826564 0.630906 0.096597 0.127953
10 0.626784 0.468504 0.201976 0.173228
10 0.847969 0.425197 0.031833 0.118110
1 0.484632 0.720472 0.150384 0.338583
13 0.658617 0.358268 0.375412 0.220472
14 0.481888 0.480315 0.210757 0.429134
4 0.292536 0.367126 0.196487 0.616142
8 0.306257 0.180118 0.140505 0.202756
19 0.327662 0.276575 0.077936 0.084646
7 0.524149 0.179134 0.341383 0.224409
2 0.206367 0.159449 0.081229 0.161417
20 0.405598 0.061024 0.279912 0.039370
5 0.284303 0.612205 0.221734 0.181102
0 0.169594 0.376969 0.117453 0.368110
11 0.155324 0.515748 0.082327 0.212598
15 0.138310 0.246063 0.026345 0.062992