10 0.635433 0.541314 0.240945 0.129237
13 0.671654 0.431144 0.455118 0.218220
7 0.507087 0.296610 0.381102 0.199153
20 0.325197 0.193856 0.398425 0.078390
16 0.884252 0.649364 0.051969 0.125000
6 0.840157 0.614407 0.155906 0.326271
15 0.096850 0.317797 0.020472 0.025424
19 0.316535 0.372881 0.097638 0.118644
1 0.485827 0.739407 0.203150 0.254237
11 0.140945 0.523305 0.067717 0.161017
17 0.645669 0.689619 0.529134 0.298729
8 0.287402 0.291314 0.108661 0.146186
2 0.193701 0.276483 0.069291 0.120763
2 0.147244 0.268008 0.039370 0.086864
4 0.288189 0.427966 0.154331 0.444915
9 0.176378 0.377119 0.107087 0.343220
0 0.125984 0.391949 0.069291 0.211864
14 0.471654 0.514831 0.222047 0.296610
18 0.128346 0.457627 0.067717 0.093220
5 0.277165 0.600636 0.236220 0.197034