14 0.122333 0.463054 0.079659 0.251232
19 0.142248 0.338670 0.036984 0.056650
15 0.601707 0.421182 0.093883 0.108374
15 0.685633 0.412562 0.088193 0.096059
8 0.213371 0.259852 0.093883 0.194581
8 0.162873 0.270936 0.058321 0.103448
2 0.324324 0.246305 0.130868 0.201970
2 0.465149 0.243842 0.133713 0.216749
9 0.321479 0.413793 0.167852 0.566502
4 0.205548 0.399015 0.132290 0.497537
11 0.474395 0.743842 0.152205 0.320197
1 0.126600 0.556650 0.071124 0.187192
5 0.272404 0.661330 0.243243 0.150246
0 0.512802 0.434729 0.285917 0.529557
18 0.692745 0.685961 0.398293 0.263547
12 0.706259 0.229064 0.277383 0.226601
16 0.810811 0.440887 0.082504 0.103448
3 0.756046 0.485222 0.251778 0.413793
20 0.487909 0.133005 0.557610 0.103448
3 0.669986 0.133005 0.227596 0.078818