10 0.350000 0.595018 0.232530 0.142066
19 0.682530 0.378229 0.100000 0.092251
1 0.511446 0.783210 0.172289 0.297048
11 0.890964 0.535055 0.083133 0.166052
17 0.280120 0.676199 0.377108 0.444649
14 0.510843 0.542435 0.243373 0.354244
13 0.336145 0.450185 0.407229 0.250923
7 0.498795 0.285978 0.366265 0.232472
8 0.716265 0.277675 0.138554 0.197417
2 0.834337 0.248155 0.083133 0.142066
5 0.739157 0.653137 0.266265 0.199262
4 0.715663 0.431734 0.200000 0.546125
9 0.853614 0.376384 0.140964 0.435424
20 0.625904 0.161439 0.273494 0.042435
0 0.929518 0.360701 0.032530 0.145756
18 0.939759 0.466790 0.012048 0.129151
6 0.159036 0.704797 0.122892 0.228782
2 0.878916 0.237085 0.020482 0.086716