5 0.634615 0.600467 0.468531 0.154206
15 0.013986 0.456776 0.027972 0.067757
11 0.274476 0.653037 0.220280 0.268692
1 0.938811 0.485981 0.104895 0.186916
14 0.912587 0.429907 0.171329 0.200935
13 0.880245 0.304907 0.218531 0.072430
4 0.687937 0.383178 0.319930 0.397196
9 0.452797 0.401869 0.297203 0.434579
20 0.438811 0.186916 0.412587 0.079439
0 0.218531 0.473131 0.437063 0.301402
3 0.020105 0.323598 0.040210 0.077103
12 0.134615 0.261682 0.265734 0.154206
2 0.270979 0.289720 0.139860 0.121495
2 0.443182 0.269860 0.204545 0.142523
8 0.649476 0.262850 0.204545 0.133178
19 0.793706 0.318925 0.066434 0.072430
18 0.090909 0.623832 0.181818 0.205607