11 0.069177 0.439110 0.054291 0.166276
2 0.121716 0.194379 0.078809 0.112412
9 0.110333 0.314988 0.115587 0.377049
19 0.204904 0.275176 0.122592 0.077283
8 0.199650 0.199063 0.098074 0.117096
4 0.192644 0.381733 0.154116 0.505855
5 0.185639 0.576112 0.203152 0.238876
1 0.366025 0.690867 0.150613 0.351288
7 0.456217 0.217799 0.425569 0.159251
6 0.812609 0.533958 0.227671 0.182670
10 0.558669 0.510539 0.224168 0.257611
17 0.666375 0.674473 0.586690 0.505855
13 0.623468 0.398126 0.605954 0.262295
14 0.386165 0.488290 0.271454 0.339578
20 0.353765 0.127635 0.294221 0.039813
0 0.053415 0.292740 0.043783 0.140515
2 0.077058 0.204918 0.028021 0.049180