15 0.454774 0.434673 0.206030 0.155779
15 0.084799 0.369347 0.016332 0.072027
3 0.238065 0.484087 0.307789 0.365159
9 0.729899 0.370184 0.195980 0.522613
2 0.716709 0.200168 0.146985 0.155779
2 0.582915 0.198492 0.100503 0.165829
5 0.801508 0.588777 0.198492 0.209380
12 0.289573 0.252931 0.358040 0.217755
18 0.332286 0.687605 0.521357 0.396985
11 0.606156 0.747906 0.177136 0.323283
19 0.902638 0.242881 0.059045 0.053601
4 0.832286 0.335008 0.152010 0.448911
8 0.819724 0.195980 0.106784 0.144054
1 0.912060 0.449749 0.070352 0.162479
14 0.926508 0.372697 0.051508 0.212730
10 0.940955 0.307370 0.012563 0.045226
20 0.565327 0.103853 0.525126 0.077052
16 0.171482 0.485762 0.109296 0.110553
3 0.305905 0.136516 0.327889 0.078727
0 0.548995 0.461474 0.346734 0.400335
15 0.310302 0.440536 0.115578 0.137353