11 0.515684 0.823333 0.218319 0.306667
15 0.411543 0.536667 0.060226 0.053333
15 0.410289 0.471667 0.057716 0.056667
15 0.413425 0.403333 0.048934 0.046667
15 0.168130 0.277500 0.005019 0.025000
15 0.169385 0.323333 0.007528 0.033333
15 0.173777 0.367500 0.011292 0.031667
18 0.397114 0.646667 0.478043 0.430000
3 0.286073 0.444167 0.218319 0.328333
12 0.286073 0.233333 0.228356 0.310000
2 0.464868 0.194167 0.144291 0.325000
3 0.307403 0.058333 0.205772 0.046667
4 0.732120 0.330000 0.279799 0.523333
8 0.720828 0.180833 0.254705 0.228333
19 0.883940 0.265000 0.056462 0.053333
0 0.565872 0.491667 0.208281 0.366667
14 0.875157 0.417500 0.114178 0.248333
1 0.870138 0.517500 0.106650 0.195000
16 0.256587 0.425000 0.111669 0.153333
20 0.395232 0.040000 0.163112 0.023333
5 0.735885 0.610833 0.189460 0.135000