5 0.894969 0.386477 0.074214 0.355593
0 0.920755 0.129382 0.032704 0.161937
2 0.896855 0.050083 0.020126 0.100167
4 0.892453 0.164441 0.074214 0.328881
14 0.814465 0.334725 0.189937 0.268781
1 0.820126 0.674457 0.067925 0.247078
19 0.928931 0.161937 0.099371 0.126878
19 0.328302 0.112688 0.042767 0.051753
7 0.573585 0.090985 0.525786 0.178631
13 0.489937 0.308013 0.718239 0.322204
17 0.478616 0.626878 0.766038 0.459098
10 0.142138 0.413189 0.080503 0.195326
10 0.637107 0.489149 0.295597 0.190317
16 0.314465 0.658598 0.256604 0.145242
8 0.878616 0.079299 0.041509 0.155259