18 0.083333 0.556622 0.119048 0.249520
15 0.070238 0.404031 0.083333 0.067179
0 0.144048 0.426104 0.200000 0.184261
11 0.214881 0.657390 0.175000 0.262956
1 0.804762 0.657390 0.173810 0.259117
19 0.652381 0.368522 0.050000 0.080614
14 0.810714 0.522073 0.230952 0.337812
17 0.937500 0.581574 0.096429 0.230326
10 0.927976 0.470250 0.086905 0.061420
13 0.859524 0.411708 0.188095 0.090211
2 0.367857 0.301344 0.159524 0.134357
8 0.554762 0.309981 0.166667 0.143954
8 0.671429 0.351248 0.059524 0.072937
9 0.348214 0.446257 0.246429 0.439539
4 0.586905 0.454894 0.257143 0.449136
5 0.499405 0.677543 0.394048 0.023033
17 0.814881 0.594050 0.213095 0.205374
3 0.130952 0.289827 0.128571 0.115163
20 0.385119 0.220729 0.360714 0.030710
7 0.656548 0.300384 0.141667 0.117083