7 0.443218 0.242105 0.365931 0.164211
13 0.613565 0.443158 0.580442 0.322105
6 0.777603 0.580000 0.220820 0.166316
17 0.672713 0.676842 0.477918 0.385263
10 0.542587 0.574737 0.198738 0.214737
1 0.399842 0.688421 0.134069 0.328421
14 0.395899 0.475789 0.261830 0.345263
19 0.235804 0.306316 0.074132 0.073684
8 0.209779 0.227368 0.110410 0.126316
4 0.199527 0.378947 0.149842 0.446316
20 0.340694 0.151579 0.305994 0.033684
11 0.100946 0.418947 0.059937 0.168421
5 0.218454 0.565263 0.206625 0.233684
0 0.100946 0.346316 0.072555 0.246316
2 0.138013 0.207368 0.048896 0.073684