18 0.664336 0.679907 0.587413 0.415888
15 0.936189 0.415888 0.022727 0.093458
3 0.737762 0.475467 0.409091 0.357477
15 0.720280 0.528037 0.136364 0.130841
15 0.566434 0.518692 0.195804 0.144860
5 0.222028 0.594626 0.167832 0.189252
0 0.465035 0.490654 0.363636 0.350467
11 0.377622 0.721963 0.136364 0.299065
9 0.276224 0.413551 0.178322 0.476636
2 0.330420 0.286215 0.045455 0.100467
2 0.276224 0.260514 0.111888 0.147196
4 0.181818 0.372664 0.139860 0.390187
8 0.191434 0.255841 0.099650 0.128505
14 0.114510 0.356308 0.036713 0.109813
1 0.123252 0.461449 0.050699 0.147196
19 0.123252 0.292056 0.026224 0.046729
20 0.466783 0.165888 0.339161 0.037383
12 0.611888 0.269860 0.423077 0.189252