7 0.473228 0.295168 0.366929 0.153361
8 0.259843 0.287815 0.078740 0.109244
4 0.257480 0.426471 0.118110 0.407563
1 0.396063 0.720588 0.165354 0.281513
17 0.651969 0.619748 0.469291 0.323529
10 0.537008 0.509454 0.229921 0.123950
13 0.621260 0.423319 0.489764 0.149160
16 0.817323 0.652311 0.059843 0.060924
6 0.770079 0.503151 0.188976 0.090336
20 0.383465 0.216387 0.256693 0.029412
14 0.392126 0.514706 0.170079 0.340336
5 0.230709 0.588235 0.155906 0.168067
2 0.195276 0.292017 0.053543 0.113445
2 0.166142 0.290966 0.029921 0.077731
9 0.181102 0.385504 0.094488 0.321429
11 0.159055 0.534664 0.072441 0.153361
19 0.259843 0.358193 0.072441 0.056723
0 0.138583 0.405462 0.050394 0.193277