14 0.420455 0.489461 0.208042 0.341920
17 0.677448 0.725995 0.505245 0.337237
10 0.625000 0.570258 0.246503 0.142857
6 0.824301 0.567916 0.215035 0.278689
13 0.648601 0.400468 0.520979 0.304450
7 0.486014 0.234192 0.381119 0.224824
20 0.340909 0.129977 0.367133 0.063232
0 0.119755 0.344262 0.078671 0.238876
18 0.098776 0.426230 0.026224 0.098361
11 0.128497 0.450820 0.050699 0.156909
9 0.161713 0.329040 0.113636 0.386417
4 0.264860 0.386417 0.148601 0.491803
5 0.241259 0.563232 0.178322 0.199063
1 0.416084 0.733021 0.160839 0.266979
19 0.639860 0.213115 0.024476 0.028103
19 0.273601 0.320843 0.124126 0.093677
8 0.261364 0.225995 0.096154 0.152225
2 0.180070 0.214286 0.062937 0.138173
2 0.140734 0.206089 0.022727 0.088993
15 0.080420 0.270492 0.006993 0.058548