17 0.782456 0.676471 0.403509 0.322353
4 0.249123 0.475294 0.224561 0.395294
11 0.085965 0.563529 0.070175 0.162353
5 0.266667 0.655294 0.301754 0.143529
19 0.274561 0.402353 0.089474 0.061176
1 0.523684 0.721176 0.191228 0.289412
13 0.676316 0.487059 0.556140 0.225882
14 0.580702 0.560000 0.466667 0.268235
7 0.451754 0.345882 0.321053 0.164706
14 0.781579 0.425882 0.314035 0.103529
0 0.095614 0.484706 0.152632 0.235294
2 0.143860 0.338824 0.091228 0.112941
20 0.300877 0.270588 0.285965 0.037647
10 0.814912 0.592941 0.163158 0.127059
18 0.035088 0.497647 0.031579 0.096471