3 0.696678 0.510152 0.319930 0.284264
15 0.853147 0.469543 0.031469 0.137056
15 0.590909 0.538071 0.185315 0.177665
20 0.485140 0.262690 0.253497 0.032995
5 0.231643 0.675127 0.180070 0.167513
0 0.460664 0.559645 0.323427 0.332487
19 0.144231 0.401015 0.057692 0.076142
8 0.167832 0.375635 0.020979 0.060914
8 0.218531 0.347716 0.101399 0.116751
1 0.128497 0.552030 0.071678 0.144670
4 0.204545 0.465736 0.157343 0.383249
14 0.113636 0.496193 0.055944 0.180203
12 0.586538 0.329949 0.337413 0.121827
2 0.315559 0.348985 0.117133 0.124365
2 0.379371 0.365482 0.052448 0.091371
11 0.399476 0.769036 0.145105 0.319797
9 0.315559 0.493655 0.197552 0.439086
18 0.653846 0.700508 0.479021 0.375635