7 0.507031 0.225686 0.292187 0.216958
15 0.039844 0.266833 0.010937 0.034913
20 0.346094 0.119701 0.342187 0.074813
5 0.335938 0.586035 0.356250 0.219451
0 0.099219 0.340399 0.139063 0.271820
19 0.376563 0.301746 0.087500 0.069825
16 0.956250 0.654613 0.021875 0.077307
13 0.715625 0.421446 0.475000 0.349127
10 0.832812 0.597257 0.153125 0.162095
6 0.936719 0.552369 0.054688 0.152120
18 0.052344 0.365337 0.045312 0.122195
9 0.176563 0.324190 0.162500 0.384040
11 0.121094 0.437656 0.095312 0.197007
2 0.137500 0.193267 0.034375 0.047382
2 0.203906 0.193267 0.092188 0.112219
14 0.626563 0.508728 0.375000 0.339152
17 0.833594 0.692020 0.276562 0.261845
4 0.340625 0.384040 0.212500 0.493766
1 0.623437 0.693267 0.190625 0.294264
8 0.325781 0.220698 0.129688 0.147132