3 0.228147 0.405594 0.250000 0.386946
12 0.240385 0.317016 0.215035 0.163170
2 0.337413 0.326340 0.132867 0.125874
15 0.103147 0.416084 0.010490 0.095571
15 0.248252 0.516317 0.150350 0.137529
18 0.241259 0.639860 0.321678 0.351981
0 0.395979 0.527972 0.333916 0.282051
11 0.436189 0.726107 0.173077 0.244755
5 0.697552 0.634033 0.300699 0.172494
20 0.485140 0.222611 0.421329 0.076923
9 0.583916 0.451049 0.237762 0.454545
2 0.575175 0.303030 0.174825 0.139860
4 0.750874 0.421911 0.215035 0.405594
8 0.738636 0.296037 0.155594 0.130536
19 0.843531 0.321678 0.036713 0.051282
14 0.890734 0.444056 0.110140 0.212121
13 0.888112 0.333333 0.055944 0.023310
10 0.934441 0.374126 0.019231 0.039627
17 0.941434 0.459207 0.026224 0.125874
1 0.890734 0.513986 0.075175 0.156177