6 0.230298 0.742958 0.250438 0.232394
10 0.413310 0.590376 0.297723 0.180751
17 0.371278 0.717136 0.535902 0.387324
13 0.379159 0.477700 0.492119 0.208920
7 0.507005 0.305164 0.376532 0.164319
19 0.763573 0.367371 0.094571 0.091549
8 0.744308 0.302817 0.087566 0.154930
4 0.760070 0.436620 0.126095 0.436620
14 0.640981 0.526995 0.171629 0.298122
2 0.804729 0.276995 0.061296 0.103286
9 0.818739 0.383803 0.106830 0.326291
0 0.872154 0.361502 0.042032 0.140845
5 0.778459 0.600939 0.152364 0.192488
20 0.640981 0.223005 0.311734 0.037559
2 0.834501 0.280516 0.029772 0.058685
11 0.864273 0.487089 0.040280 0.143192
1 0.624343 0.706573 0.138354 0.286385
8 0.693520 0.346244 0.031524 0.077465