15 0.709790 0.403061 0.164336 0.219388
15 0.942308 0.322704 0.038462 0.155612
3 0.747378 0.327806 0.424825 0.283163
20 0.459790 0.059949 0.286713 0.033163
5 0.179196 0.543367 0.204545 0.204082
0 0.482517 0.408163 0.468531 0.392857
19 0.070804 0.207908 0.078671 0.058673
8 0.150350 0.163265 0.097902 0.132653
1 0.073427 0.406888 0.080420 0.181122
4 0.135490 0.292092 0.152098 0.431122
14 0.055070 0.334184 0.061189 0.214286
2 0.242133 0.158163 0.127622 0.142857
2 0.299825 0.164541 0.043706 0.130102
11 0.366259 0.641582 0.173077 0.380102
9 0.240385 0.326531 0.197552 0.515306
18 0.679196 0.604592 0.603147 0.464286
12 0.596154 0.139031 0.437063 0.150510