11 0.420326 0.810833 0.160602 0.298333
18 0.700753 0.715000 0.425345 0.376667
15 0.598494 0.544167 0.183187 0.205000
12 0.710790 0.342500 0.335006 0.225000
3 0.759097 0.525833 0.278545 0.321667
0 0.526349 0.607500 0.347553 0.385000
5 0.234003 0.678333 0.194479 0.183333
1 0.116688 0.545000 0.055207 0.166667
9 0.308030 0.478333 0.169385 0.520000
2 0.322459 0.310833 0.130489 0.165000
2 0.447930 0.335000 0.130489 0.206667
4 0.203262 0.442500 0.155583 0.448333
8 0.215809 0.306667 0.105395 0.133333
19 0.151819 0.368333 0.030113 0.060000
14 0.116060 0.479167 0.061481 0.225000
20 0.464868 0.217500 0.548306 0.101667
16 0.831870 0.546667 0.092848 0.106667
3 0.654956 0.232500 0.255960 0.051667