16 0.134085 0.468386 0.102757 0.148087
12 0.258772 0.268719 0.344612 0.264559
15 0.425439 0.282862 0.219298 0.232945
15 0.159774 0.189684 0.104010 0.119800
3 0.203634 0.490017 0.286967 0.427621
18 0.276942 0.665557 0.458647 0.435940
0 0.492481 0.538270 0.310777 0.337770
2 0.506266 0.287022 0.203008 0.211314
2 0.691729 0.261231 0.150376 0.216306
9 0.697368 0.417637 0.201754 0.562396
20 0.558897 0.163062 0.496241 0.139767
8 0.820802 0.249584 0.132832 0.179700
19 0.917293 0.309484 0.055138 0.049917
4 0.825815 0.366889 0.172932 0.457571
11 0.527569 0.793677 0.182957 0.302829
1 0.918546 0.477537 0.057644 0.156406
14 0.924185 0.417637 0.076441 0.193012
5 0.757519 0.626456 0.261905 0.224626
3 0.332080 0.144759 0.235589 0.076539