14 0.108903 0.315327 0.058824 0.213568
1 0.122417 0.429648 0.073132 0.201005
19 0.123211 0.184673 0.071542 0.072864
4 0.220191 0.301508 0.211447 0.603015
8 0.231320 0.135678 0.154213 0.226131
5 0.232909 0.577889 0.220986 0.301508
2 0.358506 0.167085 0.166932 0.304020
0 0.408585 0.476131 0.317965 0.414573
11 0.429253 0.811558 0.178060 0.371859
18 0.666137 0.689698 0.515103 0.540201
16 0.799682 0.556533 0.136725 0.153266
3 0.678060 0.354271 0.446741 0.708543
15 0.577107 0.585427 0.101749 0.266332
15 0.887917 0.432161 0.042925 0.190955
12 0.660572 0.179648 0.383148 0.314070