20 0.471142 0.100833 0.528231 0.105000
12 0.241531 0.267500 0.360100 0.285000
3 0.251568 0.357500 0.412798 0.515000
15 0.387077 0.516667 0.149310 0.103333
18 0.286700 0.620833 0.520703 0.345000
0 0.508783 0.493333 0.319950 0.323333
11 0.546424 0.707500 0.186951 0.298333
9 0.688206 0.362500 0.191970 0.518333
2 0.667503 0.218333 0.140527 0.206667
2 0.535759 0.243333 0.112923 0.196667
1 0.904642 0.406667 0.107905 0.183333
5 0.779172 0.541667 0.220828 0.200000
4 0.811167 0.322500 0.194479 0.448333
2 0.792974 0.189167 0.132999 0.161667
19 0.890213 0.226667 0.053952 0.056667
14 0.927227 0.340833 0.075282 0.215000
16 0.121706 0.655000 0.125471 0.133333
15 0.292974 0.516667 0.099122 0.093333
15 0.044542 0.361667 0.013802 0.083333