7 0.652174 0.315909 0.187938 0.159091
14 0.784712 0.562500 0.180926 0.234091
17 0.899719 0.613636 0.102384 0.218182
10 0.879383 0.492045 0.123422 0.075000
13 0.809958 0.403409 0.225806 0.134091
19 0.665498 0.440909 0.046283 0.090909
8 0.700561 0.398864 0.079944 0.084091
8 0.516830 0.337500 0.267882 0.179545
4 0.541374 0.463636 0.345021 0.445455
1 0.798036 0.670455 0.137447 0.195455
5 0.496494 0.701136 0.440393 0.056818
0 0.253156 0.515909 0.298738 0.318182
2 0.277700 0.318182 0.190743 0.136364
15 0.117812 0.375000 0.081346 0.131818
3 0.146564 0.300000 0.107994 0.136364
12 0.112202 0.332955 0.039271 0.061364
20 0.367461 0.247727 0.384292 0.086364
18 0.105189 0.561364 0.064516 0.259091
11 0.195652 0.676136 0.144460 0.211364