7 0.609948 0.162413 0.371728 0.199536
20 0.692845 0.069606 0.321117 0.069606
13 0.469459 0.357309 0.680628 0.371230
10 0.428447 0.574246 0.343805 0.118329
10 0.112565 0.409513 0.040140 0.169374
6 0.195462 0.649652 0.073298 0.083527
17 0.374346 0.607889 0.605585 0.505800
1 0.672775 0.633411 0.120419 0.320186
14 0.768761 0.476798 0.082024 0.243619
19 0.842059 0.225058 0.116928 0.083527
8 0.838569 0.172854 0.071553 0.122970
4 0.838569 0.312065 0.116928 0.415313
5 0.803665 0.500000 0.151832 0.229698
11 0.897906 0.346868 0.064572 0.183295
0 0.906632 0.277262 0.064572 0.229698
19 0.443281 0.133411 0.034904 0.058005