9 0.111742 0.281513 0.114899 0.391597
11 0.086490 0.400840 0.084596 0.166387
2 0.126894 0.158824 0.077020 0.136134
2 0.085859 0.142857 0.050505 0.090756
14 0.382576 0.480672 0.267677 0.369748
17 0.700126 0.659664 0.549242 0.526050
1 0.385101 0.723529 0.159091 0.337815
4 0.196338 0.342017 0.150253 0.515966
8 0.280303 0.273950 0.040404 0.121008
8 0.203283 0.184034 0.098485 0.179832
6 0.875631 0.577311 0.167929 0.210084
10 0.628788 0.603361 0.295455 0.188235
13 0.633838 0.399160 0.547980 0.321008
19 0.197601 0.272269 0.109848 0.073950
0 0.057449 0.290756 0.056818 0.238655
5 0.193182 0.538655 0.209596 0.260504
20 0.339646 0.076471 0.335859 0.052101
15 0.028409 0.213445 0.008838 0.033613
7 0.477904 0.211765 0.433081 0.231933