1 0.490566 0.655518 0.168553 0.277592
10 0.679874 0.454849 0.194969 0.110368
10 0.872327 0.346990 0.066667 0.102007
14 0.493711 0.464047 0.288050 0.299331
17 0.702516 0.547659 0.426415 0.376254
6 0.735220 0.592809 0.144654 0.122074
6 0.854088 0.510033 0.105660 0.133779
13 0.631447 0.345318 0.467925 0.185619
20 0.318868 0.152174 0.361006 0.043478
7 0.464780 0.234114 0.340881 0.183946
4 0.284277 0.359532 0.171069 0.394649
19 0.289937 0.301839 0.089308 0.065217
8 0.273585 0.240803 0.114465 0.140468
5 0.267925 0.535953 0.213836 0.132107
9 0.168553 0.323579 0.095597 0.322742
2 0.130189 0.235786 0.038994 0.110368
11 0.148428 0.473244 0.093082 0.157191
0 0.118868 0.375418 0.091824 0.195652
2 0.175472 0.239130 0.071698 0.133779
16 0.876101 0.566054 0.076730 0.125418