15 0.518139 0.700210 0.061514 0.016771
2 0.160095 0.310273 0.039432 0.079665
1 0.423502 0.661426 0.165615 0.295597
0 0.114353 0.438155 0.093060 0.201258
5 0.245268 0.615304 0.200315 0.148847
4 0.216877 0.438155 0.152997 0.364780
20 0.333596 0.241090 0.307571 0.025157
19 0.236593 0.357442 0.085174 0.044025
17 0.668770 0.633124 0.501577 0.356394
14 0.427445 0.514675 0.299685 0.266247
13 0.604101 0.411950 0.561514 0.148847
11 0.126972 0.516771 0.080442 0.178197
8 0.227918 0.320755 0.121451 0.121593
7 0.436120 0.316562 0.332808 0.138365
18 0.080442 0.477987 0.012618 0.037736