15 0.669048 0.470280 0.200000 0.160839
15 0.925000 0.395105 0.040476 0.157343
12 0.773810 0.326049 0.295238 0.243007
3 0.767857 0.393357 0.328571 0.461538
19 0.188690 0.263112 0.075000 0.075175
8 0.280952 0.235140 0.140476 0.152098
2 0.404167 0.244755 0.146429 0.167832
2 0.492262 0.263112 0.089286 0.134615
9 0.417262 0.400350 0.263095 0.503497
4 0.268452 0.371503 0.196429 0.445804
10 0.114881 0.316434 0.010714 0.024476
18 0.756548 0.731643 0.329762 0.302448
14 0.148214 0.394231 0.084524 0.232517
1 0.163095 0.465035 0.080952 0.181818
11 0.519048 0.750874 0.171429 0.330420
20 0.482143 0.189685 0.569048 0.141608
0 0.660714 0.562063 0.550000 0.501748
5 0.290476 0.599650 0.216667 0.185315
15 0.734524 0.456294 0.128571 0.178322