9 0.628282 0.463810 0.204057 0.520000
0 0.520286 0.582857 0.195704 0.369524
18 0.347255 0.641905 0.310263 0.388571
16 0.251193 0.637143 0.072792 0.120000
15 0.410501 0.509524 0.126492 0.146667
15 0.215990 0.399048 0.023866 0.116190
4 0.772076 0.442857 0.171838 0.474286
19 0.864558 0.374286 0.044153 0.078095
12 0.354415 0.306667 0.231504 0.213333
2 0.641408 0.304762 0.115752 0.171429
8 0.764916 0.313333 0.126492 0.177143
14 0.870525 0.510476 0.096659 0.247619
3 0.343675 0.390476 0.260143 0.434286
5 0.720764 0.683810 0.207637 0.125714
11 0.495823 0.785714 0.139618 0.272381
1 0.871718 0.596190 0.070406 0.171429
20 0.545943 0.192381 0.349642 0.053333
10 0.906921 0.419048 0.016706 0.041905
2 0.569809 0.315238 0.056086 0.154286