19 0.837043 0.337571 0.036566 0.048023
16 0.196343 0.471751 0.049285 0.101695
15 0.293323 0.484463 0.100159 0.240113
11 0.480127 0.764124 0.152623 0.296610
1 0.852146 0.546610 0.066773 0.183616
2 0.615262 0.285311 0.149444 0.175141
2 0.483307 0.299435 0.108108 0.158192
8 0.744833 0.282486 0.122417 0.163842
4 0.755167 0.415254 0.165342 0.457627
9 0.620827 0.447740 0.195548 0.533898
20 0.619237 0.235876 0.424483 0.149718
5 0.694754 0.666667 0.254372 0.180791
12 0.338633 0.248588 0.197138 0.096045
3 0.320350 0.388418 0.341812 0.415254
18 0.296502 0.676554 0.322734 0.403955
14 0.861685 0.468927 0.076312 0.248588
0 0.437202 0.519774 0.305246 0.429379
16 0.196343 0.484463 0.049285 0.127119