19 0.265734 0.461358 0.083916 0.103044
9 0.176573 0.487119 0.097902 0.323185
11 0.136364 0.591335 0.066434 0.152225
2 0.189685 0.380562 0.057692 0.091335
2 0.159091 0.388759 0.017483 0.051522
14 0.452797 0.615925 0.283217 0.360656
17 0.666084 0.768150 0.451049 0.295082
4 0.261364 0.530445 0.152098 0.414520
1 0.421329 0.778689 0.150350 0.297424
8 0.258741 0.400468 0.087413 0.126464
8 0.315559 0.432084 0.029720 0.091335
6 0.765734 0.641686 0.202797 0.131148
10 0.579545 0.642857 0.236014 0.119438
13 0.630245 0.543326 0.452797 0.177986
0 0.120629 0.511710 0.055944 0.217799
5 0.232517 0.682670 0.174825 0.142857
20 0.391608 0.324356 0.248252 0.030445
7 0.493007 0.399297 0.381119 0.147541
8 0.344406 0.466042 0.027972 0.056206