20 0.637640 0.052974 0.261236 0.035316
2 0.867275 0.151487 0.080056 0.146840
9 0.879916 0.289033 0.125000 0.451673
2 0.902388 0.127323 0.018258 0.042751
15 0.952247 0.254647 0.016854 0.055762
0 0.929775 0.362454 0.067416 0.234201
8 0.753511 0.167286 0.141854 0.197026
19 0.745084 0.244424 0.116573 0.083643
4 0.751404 0.342937 0.205056 0.570632
5 0.785112 0.559480 0.230337 0.178439
14 0.539326 0.487918 0.272472 0.373606
11 0.909410 0.471190 0.085674 0.172862
1 0.540028 0.695167 0.198034 0.323420
17 0.271067 0.621747 0.466292 0.436803
16 0.074438 0.581784 0.084270 0.137546
6 0.113764 0.580855 0.165730 0.284387
10 0.356742 0.421933 0.303371 0.178439
13 0.333567 0.301115 0.478933 0.178439
10 0.091292 0.357807 0.056180 0.091078
7 0.497893 0.149628 0.425562 0.180297
17 0.167135 0.407063 0.196629 0.115242