11 0.375657 0.724299 0.155867 0.317757
1 0.055166 0.456776 0.068301 0.165888
15 0.684764 0.509346 0.269702 0.144860
12 0.604203 0.225467 0.430823 0.184579
3 0.751313 0.462617 0.409807 0.387850
15 0.949212 0.392523 0.010508 0.060748
18 0.675131 0.692757 0.586690 0.432243
19 0.073555 0.258178 0.035026 0.049065
20 0.394921 0.130841 0.485114 0.051402
5 0.179510 0.599299 0.232925 0.231308
0 0.499124 0.494159 0.483363 0.404206
9 0.243433 0.386682 0.192644 0.521028
4 0.130473 0.352804 0.183888 0.453271
17 0.014886 0.415888 0.022767 0.093458
14 0.027145 0.327103 0.054291 0.102804
2 0.374781 0.244159 0.056042 0.128505