9 0.171603 0.410628 0.123693 0.323671
11 0.132404 0.528986 0.080139 0.149758
17 0.738676 0.603865 0.379791 0.299517
4 0.301394 0.443237 0.177700 0.398551
1 0.506969 0.679952 0.167247 0.263285
7 0.480836 0.311594 0.306620 0.159420
10 0.679443 0.530193 0.240418 0.113527
19 0.310976 0.384058 0.071429 0.048309
20 0.351045 0.231884 0.283972 0.038647
13 0.668990 0.419082 0.425087 0.181159
14 0.573171 0.516908 0.383275 0.256039
0 0.105401 0.435990 0.081882 0.190821
10 0.070557 0.388889 0.012195 0.038647
5 0.278746 0.607488 0.250871 0.118357
18 0.081010 0.500000 0.029617 0.086957
2 0.191638 0.309179 0.073171 0.106280
2 0.146341 0.315217 0.024390 0.060386
8 0.291812 0.315217 0.120209 0.128019