6 0.719688 0.555466 0.200480 0.114148
10 0.490396 0.527331 0.174070 0.135048
7 0.481393 0.285370 0.352941 0.152733
13 0.577431 0.446945 0.504202 0.192926
1 0.345738 0.696141 0.117647 0.286174
14 0.346339 0.493569 0.150060 0.292605
8 0.288115 0.339228 0.012005 0.061093
8 0.256903 0.297428 0.050420 0.138264
4 0.253301 0.426849 0.093637 0.416399
20 0.364346 0.213023 0.315726 0.065916
2 0.216086 0.291801 0.060024 0.120579
9 0.208283 0.397910 0.090036 0.355305
0 0.166867 0.410772 0.021609 0.120579
11 0.186074 0.529743 0.050420 0.139871
5 0.234094 0.589228 0.103241 0.127010
10 0.836735 0.480707 0.043217 0.112540
17 0.602641 0.676045 0.561825 0.319936