17 0.671838 0.605000 0.443914 0.393333
10 0.597852 0.567500 0.202864 0.118333
13 0.612172 0.403333 0.510740 0.286667
7 0.455251 0.225833 0.375895 0.191667
20 0.329356 0.122500 0.322196 0.048333
2 0.131862 0.193333 0.106205 0.116667
8 0.232100 0.239167 0.134845 0.211667
9 0.133055 0.306667 0.120525 0.386667
4 0.235680 0.359167 0.158711 0.485000
14 0.401551 0.453333 0.204057 0.330000
5 0.215990 0.525000 0.212411 0.230000
11 0.095465 0.415833 0.057279 0.155000
1 0.405131 0.648333 0.151551 0.273333
0 0.082936 0.304167 0.060859 0.208333
19 0.256563 0.306667 0.081146 0.103333
19 0.598449 0.221667 0.025060 0.026667
6 0.814439 0.548333 0.151551 0.163333