18 0.363398 0.683529 0.649737 0.449412
11 0.692644 0.681176 0.103327 0.289412
15 0.420315 0.501176 0.192644 0.211765
15 0.071804 0.407059 0.021016 0.145882
3 0.311734 0.448235 0.469352 0.331765
12 0.452715 0.238824 0.450088 0.190588
0 0.594571 0.472941 0.352014 0.324706
2 0.761821 0.242353 0.108581 0.141176
9 0.765324 0.381176 0.164623 0.461176
1 0.916813 0.411765 0.040280 0.150588
19 0.905429 0.244706 0.049037 0.047059
8 0.835377 0.224706 0.080560 0.110588
4 0.845884 0.349412 0.136602 0.397647
14 0.919440 0.362353 0.056042 0.197647
5 0.821366 0.558824 0.147110 0.200000
20 0.619965 0.141176 0.357268 0.037647