7 0.471273 0.192958 0.305901 0.194366
20 0.596273 0.080282 0.329193 0.047887
5 0.662267 0.571831 0.222050 0.281690
0 0.802019 0.270423 0.038820 0.174648
19 0.338509 0.223944 0.024845 0.042254
19 0.649068 0.260563 0.074534 0.076056
16 0.104814 0.673239 0.094720 0.129577
13 0.320652 0.405634 0.513975 0.298592
10 0.303571 0.588732 0.206522 0.118310
6 0.121118 0.557746 0.124224 0.169014
8 0.655280 0.201408 0.118012 0.233803
1 0.471273 0.715493 0.141304 0.371831
4 0.659938 0.349296 0.133540 0.540845
17 0.253882 0.708451 0.414596 0.385915
14 0.461180 0.490141 0.276398 0.338028
2 0.745342 0.164789 0.111801 0.160563
11 0.777950 0.429577 0.065217 0.188732
9 0.739130 0.284507 0.102484 0.411268
18 0.816770 0.340845 0.012422 0.112676