11 0.786783 0.576389 0.134663 0.245370
9 0.636534 0.363426 0.250623 0.449074
2 0.644015 0.214120 0.230673 0.155093
4 0.408354 0.366898 0.290524 0.456019
7 0.331047 0.217593 0.170823 0.152778
13 0.145262 0.339120 0.208229 0.155093
14 0.177057 0.444444 0.216958 0.328704
8 0.413965 0.237269 0.279302 0.173611
15 0.932668 0.346065 0.062344 0.085648
0 0.817332 0.428241 0.295511 0.324074
3 0.894015 0.269676 0.117207 0.094907
20 0.573566 0.138889 0.314214 0.069444
5 0.491272 0.603009 0.426434 0.034722
1 0.187656 0.571759 0.143392 0.250000
18 0.916459 0.495370 0.107232 0.194444
17 0.082294 0.599537 0.092269 0.175926