11 0.864510 0.434579 0.043706 0.154206
0 0.868007 0.329439 0.054196 0.135514
4 0.743007 0.393692 0.153846 0.427570
9 0.815559 0.348131 0.103147 0.336449
5 0.744755 0.561916 0.195804 0.193925
14 0.512238 0.488318 0.346154 0.285047
1 0.551573 0.679907 0.173077 0.327103
17 0.296329 0.655374 0.480769 0.357477
6 0.131119 0.661215 0.108392 0.116822
10 0.094406 0.471963 0.038462 0.088785
10 0.362762 0.563084 0.208042 0.093458
13 0.368007 0.433411 0.529720 0.221963
7 0.529720 0.273364 0.328671 0.154206
20 0.619755 0.183411 0.256993 0.035047
19 0.739510 0.302570 0.087413 0.053738
8 0.748252 0.241822 0.080420 0.095794
2 0.795455 0.238318 0.045455 0.088785