1 0.426128 0.702083 0.146190 0.291667
11 0.171851 0.503125 0.085537 0.152083
6 0.814930 0.582292 0.139969 0.118750
7 0.475117 0.325000 0.340591 0.154167
13 0.629082 0.511458 0.527216 0.268750
10 0.632970 0.606250 0.192846 0.125000
8 0.274495 0.330208 0.094868 0.160417
16 0.870918 0.686458 0.080871 0.110417
20 0.374028 0.243750 0.303266 0.033333
5 0.252722 0.585417 0.175739 0.154167
14 0.446345 0.515625 0.245723 0.260417
19 0.277605 0.373958 0.076205 0.047917
4 0.269829 0.440625 0.129082 0.385417
2 0.201400 0.309375 0.079316 0.118750
9 0.192068 0.394792 0.101089 0.293750
0 0.132193 0.382292 0.031104 0.097917
19 0.621306 0.344792 0.023328 0.027083
17 0.690513 0.701042 0.485226 0.297917
10 0.896579 0.528125 0.017107 0.093750
18 0.121306 0.433333 0.015552 0.058333