4 0.246503 0.344706 0.143357 0.487059
9 0.167832 0.280000 0.094406 0.362353
11 0.148601 0.403529 0.069930 0.152941
2 0.173951 0.170588 0.064685 0.124706
14 0.391608 0.474118 0.157343 0.247059
17 0.659091 0.610588 0.489510 0.360000
1 0.403846 0.656471 0.192308 0.282353
8 0.253497 0.209412 0.097902 0.192941
6 0.798951 0.587059 0.195804 0.185882
7 0.475524 0.211765 0.398601 0.221176
13 0.611888 0.391765 0.527972 0.294118
19 0.264860 0.324706 0.071678 0.122353
0 0.118007 0.265882 0.043706 0.221176
5 0.229021 0.485882 0.181818 0.251765
20 0.362762 0.094118 0.291958 0.051765
10 0.552448 0.495294 0.269231 0.167059
2 0.139860 0.154118 0.024476 0.058824
8 0.326923 0.302353 0.034965 0.096471