16 0.104271 0.502508 0.085427 0.112040
14 0.936558 0.324415 0.061558 0.133779
0 0.495603 0.466555 0.405779 0.341137
20 0.579146 0.063545 0.379397 0.023411
4 0.844221 0.326087 0.178392 0.458194
8 0.824749 0.184783 0.119347 0.162207
19 0.915201 0.231605 0.069095 0.058528
1 0.919598 0.453177 0.080402 0.163880
5 0.788945 0.576087 0.236181 0.192308
9 0.703518 0.360368 0.226131 0.536789
2 0.520729 0.206522 0.126884 0.202341
2 0.685302 0.195652 0.184673 0.190635
12 0.236181 0.226589 0.361809 0.259197
3 0.172739 0.480769 0.280151 0.336120
15 0.039573 0.444816 0.013819 0.063545
18 0.293342 0.668060 0.521357 0.379599
15 0.318467 0.495819 0.207286 0.242475
11 0.572864 0.719900 0.180905 0.306020
3 0.302764 0.095318 0.261307 0.076923