9 0.147213 0.354801 0.099303 0.325527
17 0.652439 0.680328 0.534843 0.339578
4 0.209059 0.400468 0.111498 0.430913
1 0.370209 0.709602 0.141115 0.299766
11 0.125436 0.484778 0.052265 0.140515
10 0.560105 0.580796 0.238676 0.112412
10 0.860627 0.477752 0.041812 0.093677
7 0.439024 0.277518 0.362369 0.185012
13 0.585366 0.457845 0.564460 0.245902
19 0.220383 0.331382 0.088850 0.077283
14 0.375436 0.509368 0.242160 0.297424
0 0.094077 0.337237 0.027875 0.103044
20 0.350174 0.179157 0.254355 0.025761
19 0.592334 0.291569 0.020906 0.025761
6 0.790941 0.559719 0.153310 0.112412
18 0.089721 0.418033 0.019164 0.072600
2 0.155923 0.258782 0.074913 0.124122
8 0.212544 0.249415 0.066202 0.110070