3 0.719512 0.532787 0.522648 0.316159
15 0.636760 0.665105 0.217770 0.149883
15 0.952091 0.533958 0.078397 0.117096
20 0.454704 0.240047 0.362369 0.072600
5 0.236934 0.641686 0.163763 0.177986
14 0.107143 0.427400 0.026132 0.081967
19 0.128049 0.372365 0.043554 0.046838
1 0.130662 0.503513 0.059233 0.145199
4 0.197735 0.433255 0.155052 0.370023
0 0.480836 0.610070 0.358885 0.339578
12 0.588850 0.354801 0.414634 0.250585
11 0.382404 0.768150 0.130662 0.262295
9 0.283972 0.476581 0.149826 0.456674
18 0.701220 0.752927 0.590592 0.381733
2 0.327526 0.374707 0.045296 0.192037
2 0.285714 0.352459 0.101045 0.194379
8 0.214286 0.332553 0.097561 0.149883