3 0.716352 0.349498 0.426415 0.471572
12 0.708176 0.234950 0.367296 0.162207
15 0.588050 0.421405 0.205031 0.163880
15 0.922013 0.324415 0.012579 0.060201
11 0.472327 0.778428 0.207547 0.329431
0 0.466038 0.528428 0.260377 0.387960
9 0.327044 0.429766 0.218868 0.518395
2 0.342767 0.258361 0.167296 0.145485
5 0.239623 0.619565 0.197484 0.172241
20 0.439623 0.146321 0.441509 0.065217
4 0.193082 0.392977 0.159748 0.441472
8 0.191824 0.268395 0.139623 0.162207
14 0.109434 0.428930 0.065409 0.222408
1 0.116352 0.502508 0.061635 0.152174
16 0.869811 0.667224 0.122013 0.190635
18 0.703145 0.653846 0.503145 0.438127
15 0.703774 0.408027 0.127044 0.133779