0 0.900350 0.355972 0.038462 0.173302
2 0.879371 0.240047 0.052448 0.091335
9 0.840035 0.371194 0.103147 0.386417
4 0.753497 0.430913 0.139860 0.505855
8 0.754371 0.268150 0.092657 0.161593
2 0.830420 0.256440 0.069930 0.133489
11 0.868007 0.502342 0.068182 0.156909
1 0.585664 0.763466 0.139860 0.299766
5 0.758741 0.634660 0.195804 0.224824
14 0.581294 0.536300 0.225524 0.341920
10 0.384615 0.621780 0.248252 0.128806
10 0.121503 0.449649 0.057692 0.103044
13 0.362762 0.467213 0.494755 0.311475
20 0.627622 0.168618 0.300699 0.051522
7 0.520105 0.285714 0.372378 0.220141
17 0.306818 0.689696 0.522727 0.447307
6 0.179196 0.563232 0.145105 0.147541