8 0.763906 0.244161 0.113721 0.152866
2 0.655748 0.256900 0.152040 0.182590
9 0.668727 0.401274 0.190358 0.492569
4 0.775031 0.373673 0.148331 0.437367
11 0.579110 0.703822 0.134734 0.312102
1 0.859085 0.475584 0.071693 0.174098
19 0.841780 0.299363 0.039555 0.059448
12 0.398640 0.234607 0.349815 0.188960
0 0.505562 0.476645 0.323857 0.333333
14 0.863412 0.418259 0.067985 0.216561
18 0.330655 0.628450 0.483313 0.424628
16 0.200247 0.481953 0.108776 0.118896
20 0.545735 0.143312 0.374536 0.070064
5 0.744747 0.616773 0.189122 0.193206
15 0.383807 0.498938 0.137206 0.127389
15 0.119283 0.397028 0.028430 0.110403
3 0.290482 0.427813 0.363412 0.358811
15 0.300371 0.505308 0.071693 0.093418