7 0.466841 0.193473 0.382199 0.172494
13 0.600349 0.374126 0.600349 0.212121
10 0.539267 0.531469 0.247818 0.144522
6 0.797557 0.582751 0.233857 0.205128
17 0.628272 0.642191 0.561955 0.389277
14 0.356021 0.431235 0.205934 0.279720
1 0.335951 0.615385 0.106457 0.307692
8 0.232112 0.173660 0.076789 0.160839
19 0.226003 0.244755 0.099476 0.083916
4 0.218150 0.314685 0.129145 0.461538
5 0.201571 0.474359 0.144852 0.216783
20 0.371728 0.096737 0.272251 0.048951
2 0.177138 0.145688 0.075044 0.114219
9 0.164049 0.236597 0.111693 0.310023
11 0.120419 0.343823 0.034904 0.146853
0 0.109948 0.216783 0.031414 0.116550