9 0.851444 0.338403 0.110041 0.429658
11 0.871389 0.478137 0.081155 0.173004
2 0.842503 0.222433 0.072902 0.163498
2 0.887208 0.202471 0.049519 0.108365
14 0.567400 0.540875 0.265475 0.313688
17 0.294360 0.711977 0.552957 0.397338
4 0.761348 0.396388 0.147180 0.545627
1 0.582531 0.757605 0.144429 0.294677
8 0.765475 0.243346 0.092160 0.209125
6 0.165062 0.603612 0.209078 0.134981
10 0.061898 0.499049 0.041265 0.115970
10 0.378267 0.620722 0.239340 0.131179
13 0.354883 0.451521 0.577717 0.313688
16 0.141678 0.705323 0.137552 0.140684
19 0.753783 0.359316 0.115543 0.076046
0 0.912655 0.311787 0.031637 0.186312
5 0.761348 0.608365 0.213205 0.224335
20 0.636864 0.119772 0.343879 0.064639
7 0.511692 0.253802 0.426410 0.260456