3 0.063291 0.174419 0.044304 0.040169
16 0.891614 0.716702 0.064873 0.122622
0 0.056962 0.316068 0.069620 0.251586
11 0.082278 0.417548 0.075949 0.162791
1 0.356804 0.709302 0.159810 0.319239
4 0.164557 0.379493 0.161392 0.479915
8 0.155063 0.225159 0.082278 0.171247
19 0.168513 0.309725 0.099684 0.112051
20 0.292722 0.125793 0.348101 0.069767
7 0.400316 0.242072 0.405063 0.238901
5 0.169304 0.542283 0.151899 0.209302
14 0.418513 0.530655 0.403481 0.346723
13 0.621835 0.455603 0.610759 0.374207
17 0.684335 0.715645 0.580696 0.446089
10 0.931962 0.506342 0.018987 0.073996
10 0.619462 0.678647 0.292722 0.126850
6 0.837025 0.596195 0.136076 0.147992
2 0.098892 0.195560 0.036392 0.086681
8 0.152690 0.227273 0.087025 0.162791