10 0.353535 0.612985 0.242424 0.092749
19 0.720328 0.362563 0.104798 0.080944
1 0.558712 0.709949 0.162879 0.279933
11 0.898359 0.488196 0.082071 0.166948
10 0.075126 0.510961 0.013889 0.094435
6 0.154040 0.560708 0.131313 0.119730
17 0.283460 0.671164 0.481061 0.310287
13 0.359217 0.482293 0.561869 0.323777
14 0.528409 0.526138 0.304293 0.286678
7 0.523990 0.281619 0.361111 0.185497
20 0.693182 0.175379 0.421717 0.050590
19 0.366162 0.290051 0.020202 0.030354
8 0.741162 0.279089 0.146465 0.210793
2 0.849116 0.244519 0.107323 0.148398
2 0.907197 0.228499 0.092172 0.112985
5 0.765152 0.603710 0.239899 0.182125
4 0.743687 0.410624 0.191919 0.494098
9 0.861111 0.358347 0.143939 0.396290
0 0.943813 0.326307 0.059343 0.119730
18 0.955808 0.409781 0.030303 0.091062