2 0.318612 0.238994 0.047319 0.117400
1 0.437697 0.668763 0.105678 0.238994
0 0.281546 0.319706 0.026814 0.169811
6 0.791009 0.556604 0.231861 0.098532
5 0.343849 0.510482 0.097792 0.169811
4 0.368297 0.372117 0.093060 0.387841
20 0.468454 0.174004 0.331230 0.054507
19 0.368297 0.336478 0.089905 0.064990
17 0.691640 0.655136 0.500000 0.333333
14 0.425868 0.464361 0.091483 0.245283
13 0.681388 0.427673 0.485804 0.209644
11 0.294953 0.438155 0.047319 0.134172
10 0.562303 0.538784 0.184543 0.155136
10 0.923502 0.530398 0.029968 0.075472
9 0.316246 0.321803 0.058360 0.295597
8 0.364353 0.251572 0.059937 0.134172
7 0.575710 0.280922 0.369085 0.201258