11 0.166667 0.481172 0.077409 0.158996
2 0.202212 0.235356 0.053712 0.123431
9 0.192733 0.332636 0.094787 0.343096
1 0.420221 0.711297 0.129542 0.309623
8 0.274882 0.241632 0.088468 0.131799
19 0.281991 0.325314 0.090047 0.064854
6 0.815956 0.544979 0.169036 0.106695
10 0.575829 0.529289 0.235387 0.171548
4 0.285150 0.389121 0.150079 0.451883
0 0.144550 0.348326 0.052133 0.207113
7 0.507899 0.267782 0.396524 0.192469
5 0.254344 0.563808 0.176935 0.219665
17 0.680885 0.654812 0.473934 0.359833
2 0.169826 0.225941 0.030016 0.083682
20 0.394155 0.162134 0.301738 0.039749
14 0.417852 0.476987 0.187994 0.301255
13 0.657978 0.433054 0.510269 0.221757
15 0.127172 0.275105 0.014218 0.031381