11 0.120472 0.453488 0.074016 0.171247
2 0.137795 0.243129 0.033071 0.054968
14 0.387402 0.488372 0.274016 0.274841
17 0.643307 0.664905 0.483465 0.247357
4 0.201575 0.387949 0.141732 0.395349
1 0.373228 0.658562 0.122835 0.285412
8 0.205512 0.254757 0.099213 0.112051
6 0.742520 0.552854 0.124409 0.103594
10 0.527559 0.572939 0.129134 0.097252
10 0.660630 0.577167 0.033071 0.076110
10 0.816535 0.522199 0.023622 0.054968
13 0.596063 0.406977 0.524409 0.209302
16 0.792913 0.676533 0.064567 0.076110
19 0.596063 0.283298 0.023622 0.029598
19 0.213386 0.307611 0.080315 0.048626
5 0.225984 0.583510 0.177953 0.194503
0 0.108661 0.371036 0.081890 0.230444
20 0.344094 0.180761 0.325984 0.031712
7 0.434646 0.265328 0.343307 0.145877
3 0.107087 0.237844 0.053543 0.035941