7 0.499127 0.230769 0.383944 0.195804
20 0.633508 0.131702 0.317627 0.044289
13 0.328098 0.396270 0.547993 0.270396
6 0.120419 0.651515 0.237347 0.459207
10 0.350785 0.532634 0.317627 0.142191
14 0.568935 0.482517 0.240838 0.377622
19 0.747818 0.300699 0.106457 0.102564
1 0.556719 0.716783 0.188482 0.342657
17 0.328970 0.720280 0.410122 0.400932
8 0.744328 0.231935 0.102967 0.160839
8 0.678010 0.284382 0.047120 0.093240
4 0.741710 0.398601 0.181501 0.517483
5 0.764398 0.585082 0.195462 0.181818
11 0.870855 0.463869 0.080279 0.186480
2 0.821117 0.209790 0.082024 0.125874
9 0.840314 0.339161 0.127400 0.398601
15 0.918848 0.268065 0.015707 0.032634
0 0.896161 0.318182 0.061082 0.263403