13 0.282020 0.374239 0.391626 0.261663
7 0.480911 0.220081 0.378079 0.261663
14 0.419951 0.520284 0.300493 0.464503
20 0.684113 0.073022 0.424877 0.085193
2 0.852217 0.206897 0.103448 0.174442
8 0.697660 0.228195 0.151478 0.217039
19 0.633621 0.316430 0.112069 0.129817
9 0.849754 0.352941 0.162562 0.527383
4 0.673645 0.403651 0.251232 0.640974
17 0.211207 0.696755 0.326355 0.415822
10 0.216133 0.559838 0.188424 0.125761
6 0.106527 0.501014 0.089901 0.255578
1 0.429803 0.787018 0.214286 0.352941
11 0.900246 0.544625 0.096059 0.208925
0 0.946429 0.323529 0.048030 0.148073
5 0.721059 0.629817 0.365764 0.302231
15 0.967365 0.302231 0.018473 0.073022
18 0.932266 0.446247 0.086207 0.133874