17 0.569749 0.635983 0.597179 0.451883
6 0.724138 0.527197 0.210031 0.138075
10 0.418495 0.528243 0.228840 0.131799
14 0.295455 0.426778 0.246082 0.292887
1 0.272727 0.629707 0.112853 0.330544
11 0.079937 0.401674 0.062696 0.175732
0 0.076803 0.339958 0.062696 0.228033
5 0.161442 0.542887 0.125392 0.182008
4 0.136364 0.343096 0.106583 0.401674
8 0.144984 0.213389 0.070533 0.117155
13 0.520376 0.385983 0.642633 0.244770
20 0.319749 0.142259 0.291536 0.041841
7 0.372257 0.213389 0.368339 0.142259
19 0.135580 0.276151 0.098746 0.092050
19 0.543103 0.239540 0.029781 0.035565