3 0.701220 0.354798 0.458188 0.300505
18 0.650697 0.598485 0.594077 0.277778
9 0.266551 0.295455 0.177700 0.469697
11 0.341463 0.587121 0.142857 0.335859
4 0.189024 0.268939 0.162021 0.416667
1 0.102787 0.380051 0.055749 0.174242
0 0.438153 0.381313 0.388502 0.323232
14 0.107143 0.300505 0.064460 0.181818
5 0.186411 0.492424 0.146341 0.136364
20 0.425087 0.069444 0.310105 0.068182
15 0.578397 0.378788 0.247387 0.106061
15 0.904181 0.354798 0.062718 0.063131
19 0.123693 0.202020 0.048780 0.035354
12 0.601045 0.142677 0.390244 0.159091
2 0.350174 0.171717 0.031359 0.106061
0 0.924216 0.420455 0.019164 0.068182
2 0.281359 0.152778 0.095819 0.123737
8 0.204704 0.166667 0.060976 0.075758