8 0.802632 0.293333 0.121554 0.130000
1 0.907895 0.491667 0.076441 0.166667
16 0.154762 0.512500 0.109023 0.098333
20 0.555764 0.223333 0.357143 0.040000
5 0.793860 0.579167 0.204261 0.141667
14 0.919173 0.437500 0.068922 0.181667
12 0.407895 0.309167 0.357143 0.155000
2 0.714286 0.303333 0.105263 0.146667
2 0.633459 0.315833 0.036341 0.115000
9 0.729950 0.427500 0.154135 0.408333
11 0.587093 0.685000 0.161654 0.290000
18 0.303258 0.661667 0.528822 0.256667
15 0.316416 0.548333 0.186717 0.113333
3 0.272556 0.494167 0.439850 0.291667
15 0.071429 0.475833 0.042607 0.091667
19 0.877193 0.332500 0.042607 0.038333
4 0.819549 0.400000 0.162907 0.350000
0 0.498747 0.534167 0.406015 0.295000