7 0.405759 0.163953 0.406632 0.179070
13 0.593368 0.402326 0.753927 0.372093
10 0.497382 0.597674 0.279232 0.153488
6 0.802792 0.626744 0.268761 0.234884
17 0.640489 0.706977 0.659686 0.511628
16 0.883072 0.730233 0.108202 0.167442
1 0.313264 0.683721 0.141361 0.381395
14 0.338569 0.433721 0.317627 0.341860
20 0.333333 0.069767 0.317627 0.037209
19 0.148342 0.230233 0.122164 0.083721
4 0.146597 0.288372 0.125654 0.423256
2 0.132635 0.129070 0.073298 0.095349
8 0.155323 0.155814 0.080279 0.139535
11 0.080279 0.346512 0.059337 0.186047
5 0.167539 0.506977 0.164049 0.306977
19 0.595986 0.193023 0.033159 0.046512
0 0.075916 0.251163 0.075044 0.213953