6 0.175188 0.557740 0.115789 0.127764
13 0.318797 0.412776 0.375940 0.211302
17 0.281203 0.624079 0.330827 0.348894
14 0.483459 0.475430 0.169925 0.331695
1 0.471429 0.656020 0.133835 0.255528
7 0.459398 0.265356 0.269173 0.152334
4 0.628571 0.401720 0.156391 0.459459
8 0.629323 0.256757 0.103759 0.140049
19 0.594737 0.334152 0.088722 0.088452
20 0.569925 0.180590 0.270677 0.056511
5 0.657143 0.578624 0.222556 0.179361
9 0.733083 0.351351 0.121805 0.358722
2 0.724060 0.240786 0.076692 0.108108
2 0.760902 0.219902 0.033083 0.051597
15 0.806015 0.249386 0.048120 0.105651
0 0.802256 0.321867 0.061654 0.216216
11 0.784211 0.474201 0.079699 0.176904