6 0.810858 0.551522 0.196147 0.156909
10 0.615587 0.581967 0.246935 0.096019
17 0.684764 0.680328 0.490368 0.353630
8 0.251313 0.299766 0.096322 0.145199
4 0.253065 0.437939 0.141856 0.440281
1 0.430823 0.710773 0.119089 0.302108
11 0.129597 0.483607 0.063047 0.147541
2 0.176007 0.283372 0.064799 0.107728
2 0.138354 0.284543 0.024518 0.063232
9 0.164623 0.393443 0.105079 0.351288
0 0.101576 0.358314 0.035026 0.126464
5 0.251313 0.611241 0.190893 0.177986
14 0.406305 0.515222 0.189142 0.309133
7 0.460595 0.289227 0.371278 0.166276
13 0.631349 0.435597 0.544658 0.257611
20 0.338004 0.210773 0.364273 0.051522