13 0.611014 0.399297 0.606643 0.203747
17 0.659091 0.673302 0.618881 0.489461
6 0.832168 0.539813 0.206294 0.105386
6 0.861888 0.660422 0.171329 0.131148
10 0.558566 0.584309 0.277972 0.175644
14 0.430944 0.489461 0.410839 0.355972
1 0.344406 0.714286 0.143357 0.351288
7 0.449301 0.244731 0.440559 0.189696
5 0.178322 0.585480 0.178322 0.224824
0 0.062063 0.323185 0.033217 0.145199
9 0.114510 0.337237 0.110140 0.365340
2 0.123252 0.218970 0.075175 0.110070
4 0.178322 0.399297 0.129371 0.494145
8 0.185315 0.224824 0.080420 0.126464
20 0.327797 0.142857 0.295455 0.023419
11 0.071678 0.444965 0.034965 0.149883