10 0.806279 0.540196 0.136294 0.158824
20 0.507657 0.106863 0.307810 0.037255
7 0.511485 0.194118 0.444104 0.149020
19 0.241194 0.249020 0.056662 0.050980
19 0.773354 0.257843 0.055130 0.056863
13 0.503828 0.445098 0.686064 0.388235
6 0.417305 0.666667 0.215926 0.160784
6 0.633997 0.667647 0.189893 0.158824
10 0.209035 0.544118 0.166922 0.194118
17 0.511485 0.750980 0.790199 0.443137
4 0.310873 0.179412 0.073507 0.147059
4 0.705207 0.189216 0.081164 0.154902
16 0.526034 0.830392 0.280245 0.084314