9 0.284843 0.367681 0.168990 0.463700
18 0.636760 0.639344 0.562718 0.346604
11 0.362369 0.679157 0.146341 0.285714
7 0.565331 0.214286 0.419861 0.175644
4 0.195993 0.345433 0.130662 0.409836
1 0.138502 0.455504 0.060976 0.152225
19 0.116725 0.275176 0.045296 0.044496
0 0.424216 0.435597 0.280488 0.332553
14 0.124564 0.351288 0.043554 0.107728
15 0.562718 0.484778 0.195122 0.196721
15 0.886760 0.407494 0.024390 0.145199
3 0.689895 0.433255 0.390244 0.323185
8 0.199477 0.227166 0.085366 0.126464
2 0.338850 0.255269 0.029617 0.079625
2 0.283101 0.223653 0.102787 0.138173
5 0.215157 0.556206 0.130662 0.138173