1 0.654930 0.699449 0.162612 0.380515
11 0.890525 0.400735 0.049936 0.191176
10 0.494878 0.563419 0.211268 0.104779
19 0.795134 0.212316 0.102433 0.101103
19 0.391805 0.228860 0.033291 0.045956
0 0.900768 0.295037 0.037132 0.233456
5 0.813700 0.521140 0.149808 0.226103
20 0.673496 0.075368 0.350832 0.062500
16 0.219590 0.680147 0.139565 0.113971
14 0.640205 0.447610 0.266325 0.299632
17 0.390525 0.668199 0.558259 0.406250
6 0.241357 0.629596 0.231754 0.314338
7 0.558899 0.169118 0.385403 0.205882
13 0.430218 0.386029 0.601793 0.275735
9 0.872599 0.322610 0.065301 0.288603
2 0.829065 0.137868 0.072983 0.128676
4 0.793854 0.326287 0.122919 0.512868
8 0.783611 0.142463 0.066581 0.137868
2 0.861716 0.140625 0.033291 0.086397