7 0.466719 0.271459 0.274168 0.126609
13 0.655309 0.390558 0.518225 0.171674
8 0.289223 0.274678 0.166403 0.120172
19 0.308241 0.321888 0.093502 0.051502
1 0.547544 0.622318 0.185420 0.270386
11 0.134707 0.464592 0.091918 0.169528
5 0.316165 0.584764 0.277338 0.135193
14 0.558637 0.488197 0.366086 0.263948
6 0.888273 0.505365 0.074485 0.113734
10 0.730586 0.509657 0.193344 0.066524
10 0.769414 0.671674 0.103011 0.060086
17 0.763867 0.569742 0.348653 0.336910
4 0.269414 0.440987 0.221870 0.298283
0 0.145800 0.398069 0.155309 0.246781
20 0.362124 0.206009 0.255151 0.034335
2 0.184628 0.268240 0.042789 0.060086