7 0.476703 0.225225 0.305854 0.162162
19 0.286141 0.281982 0.091995 0.063063
2 0.215651 0.185586 0.056153 0.111712
8 0.282557 0.214414 0.091995 0.154955
4 0.274791 0.365766 0.126643 0.479279
9 0.203704 0.300000 0.089606 0.351351
11 0.169654 0.395495 0.057348 0.153153
1 0.413381 0.664865 0.126643 0.281081
14 0.454002 0.536937 0.258065 0.389189
13 0.594982 0.398198 0.465950 0.259459
10 0.599761 0.567568 0.222222 0.180180
6 0.787336 0.577477 0.157706 0.196396
20 0.353644 0.127928 0.324970 0.064865
16 0.821386 0.695495 0.082437 0.115315
15 0.145161 0.240541 0.017921 0.081081
0 0.151732 0.271171 0.035842 0.142342
19 0.615293 0.236036 0.023895 0.032432
17 0.669654 0.629730 0.395460 0.401802
2 0.188172 0.175676 0.027479 0.077477
2 0.173835 0.172973 0.032258 0.064865