18 0.394921 0.703797 0.523643 0.318987
11 0.675131 0.655696 0.120841 0.298734
2 0.709282 0.222785 0.133100 0.172152
12 0.448336 0.263291 0.385289 0.217722
16 0.227671 0.563291 0.056042 0.083544
3 0.327496 0.508861 0.378284 0.313924
15 0.446585 0.544304 0.273205 0.162025
19 0.887916 0.188608 0.049037 0.053165
1 0.910683 0.346835 0.052539 0.167089
8 0.793345 0.183544 0.126095 0.124051
4 0.813485 0.313924 0.187391 0.400000
5 0.821366 0.502532 0.161121 0.250633
14 0.915061 0.278481 0.054291 0.162025
0 0.607706 0.422785 0.395797 0.329114
20 0.590193 0.136709 0.301226 0.075949
0 0.207531 0.378481 0.089317 0.063291