1 0.461492 0.722222 0.188929 0.325670
10 0.234055 0.580460 0.174489 0.114943
16 0.073406 0.658046 0.036101 0.116858
6 0.126955 0.547893 0.090253 0.160920
17 0.226835 0.676245 0.357401 0.356322
13 0.314681 0.415709 0.453670 0.199234
14 0.429001 0.542146 0.323706 0.321839
7 0.495788 0.283525 0.308063 0.187739
19 0.649218 0.362069 0.085439 0.068966
11 0.897112 0.516284 0.085439 0.193487
5 0.712395 0.646552 0.303249 0.185824
20 0.674489 0.181034 0.386282 0.055556
18 0.957280 0.435824 0.030084 0.136015
0 0.927798 0.337165 0.077016 0.145594
4 0.684717 0.437739 0.202166 0.503831
8 0.678700 0.301724 0.163658 0.201149
9 0.833935 0.389847 0.149218 0.408046
2 0.815884 0.262452 0.086643 0.122605
3 0.933815 0.259579 0.052948 0.024904
15 0.966306 0.327586 0.007220 0.072797