7 0.422047 0.214885 0.377953 0.174004
14 0.345669 0.465409 0.253543 0.259958
4 0.182677 0.337526 0.132283 0.410901
1 0.318898 0.680294 0.159055 0.337526
8 0.187402 0.214885 0.088189 0.148847
10 0.505512 0.625786 0.207874 0.094340
6 0.799213 0.650943 0.300787 0.249476
19 0.183465 0.268344 0.048819 0.050314
19 0.605512 0.219078 0.036220 0.044025
11 0.115748 0.393082 0.058268 0.153040
20 0.338583 0.126834 0.321260 0.056604
13 0.585039 0.420335 0.675591 0.354298
0 0.111024 0.295597 0.058268 0.197065
17 0.663780 0.693920 0.609449 0.477987
3 0.120472 0.181342 0.045669 0.035639
19 0.192913 0.498952 0.099213 0.167715