18 0.356025 0.642458 0.389671 0.312849
9 0.668232 0.418994 0.153365 0.502793
11 0.557903 0.747207 0.148670 0.326816
2 0.657277 0.261173 0.122066 0.153631
2 0.564945 0.275140 0.065728 0.131285
12 0.336463 0.263966 0.281690 0.181564
14 0.850548 0.446927 0.070423 0.229050
17 0.884194 0.479050 0.015649 0.120112
4 0.767606 0.396648 0.142410 0.441341
1 0.834898 0.551676 0.076682 0.187151
8 0.755869 0.266760 0.106416 0.148045
10 0.873239 0.375698 0.018779 0.047486
16 0.241002 0.488827 0.078247 0.089385
19 0.822379 0.312849 0.042254 0.061453
0 0.506260 0.493017 0.286385 0.360335
5 0.730047 0.634078 0.183099 0.150838
20 0.604069 0.170391 0.219092 0.044693
15 0.386541 0.388268 0.162754 0.134078
15 0.191706 0.346369 0.026604 0.083799
3 0.343505 0.378492 0.330203 0.466480
16 0.241002 0.488827 0.097027 0.128492