4 0.217770 0.385882 0.080139 0.367059
3 0.674216 0.487059 0.449477 0.348235
9 0.276132 0.421176 0.127178 0.442353
11 0.344948 0.720000 0.118467 0.291765
12 0.581010 0.289412 0.426829 0.197647
1 0.170732 0.475294 0.041812 0.145882
19 0.155923 0.320000 0.033101 0.042353
0 0.408537 0.518824 0.280488 0.280000
14 0.160279 0.385882 0.034843 0.089412
5 0.236063 0.600000 0.088850 0.136471
18 0.635017 0.678824 0.601045 0.402353
20 0.474739 0.189412 0.322300 0.054118
15 0.535714 0.563529 0.245645 0.171765
15 0.898955 0.432941 0.045296 0.127059
2 0.311847 0.312941 0.038328 0.117647
2 0.274390 0.284706 0.074913 0.150588
8 0.216899 0.276471 0.064460 0.124706
0 0.858014 0.344706 0.088850 0.068235