15 0.369347 0.562814 0.208543 0.170854
15 0.052136 0.406198 0.036432 0.149079
3 0.320352 0.441374 0.560302 0.346734
18 0.292714 0.637353 0.535176 0.370184
11 0.570352 0.712730 0.173367 0.286432
0 0.543342 0.500838 0.322864 0.281407
12 0.418970 0.261307 0.363065 0.211055
20 0.554020 0.175879 0.386935 0.100503
5 0.771985 0.585427 0.237437 0.222781
4 0.760050 0.399497 0.231156 0.433836
8 0.737437 0.273869 0.178392 0.159129
19 0.849246 0.304020 0.037688 0.061977
2 0.630025 0.299832 0.066583 0.144054
1 0.917085 0.436348 0.082915 0.162479
14 0.908291 0.390285 0.110553 0.224456
16 0.160176 0.500000 0.134422 0.142379
13 0.873116 0.265494 0.087940 0.031826