6 0.288091 0.557512 0.250438 0.166667
10 0.561296 0.555164 0.215412 0.157277
1 0.719790 0.656103 0.084063 0.279343
19 0.841506 0.274648 0.089317 0.061033
17 0.424694 0.653756 0.621716 0.420188
13 0.450088 0.410798 0.598949 0.276995
7 0.584063 0.214789 0.401051 0.185446
8 0.823117 0.197183 0.049037 0.150235
4 0.838004 0.325117 0.099825 0.420188
2 0.852890 0.184272 0.045534 0.119718
9 0.864273 0.269953 0.071804 0.300469
0 0.896673 0.275822 0.021016 0.129108
20 0.665499 0.112676 0.290718 0.032864
5 0.831874 0.495305 0.087566 0.159624
11 0.873905 0.404930 0.052539 0.143192
14 0.721541 0.447183 0.178634 0.302817