11 0.155779 0.639866 0.138191 0.170854
15 0.054020 0.447236 0.052764 0.097152
0 0.152638 0.506700 0.217337 0.249581
18 0.062814 0.562814 0.067839 0.147404
9 0.278266 0.447236 0.272613 0.378559
2 0.276382 0.327471 0.201005 0.139028
20 0.344849 0.247069 0.443467 0.051926
4 0.535176 0.449749 0.293970 0.383585
8 0.518844 0.329983 0.223618 0.144054
19 0.652010 0.381072 0.040201 0.045226
1 0.771985 0.631491 0.149497 0.177554
17 0.891332 0.583752 0.089196 0.145729
10 0.899497 0.489950 0.060302 0.061977
14 0.777010 0.525126 0.227387 0.236181
13 0.817839 0.407873 0.201005 0.102178
7 0.634422 0.324121 0.160804 0.152429
5 0.460427 0.645729 0.440955 0.031826