17 0.697552 0.680328 0.552448 0.466042
14 0.403846 0.487119 0.335664 0.412178
9 0.091783 0.276347 0.117133 0.388759
4 0.176573 0.326698 0.146853 0.489461
0 0.035839 0.282201 0.050699 0.180328
11 0.057692 0.409836 0.055944 0.168618
2 0.069056 0.175644 0.022727 0.074941
2 0.110140 0.162763 0.069930 0.138173
8 0.178322 0.163934 0.090909 0.145199
1 0.372378 0.681499 0.178322 0.323185
19 0.180070 0.256440 0.108392 0.077283
19 0.605769 0.202576 0.026224 0.030445
7 0.432692 0.201405 0.414336 0.206089
20 0.331294 0.081967 0.323427 0.042155
13 0.613636 0.392272 0.650350 0.302108