19 0.166404 0.263048 0.099369 0.087683
19 0.581230 0.215031 0.023659 0.037578
7 0.417192 0.215031 0.408517 0.179541
13 0.558360 0.390397 0.611987 0.242171
8 0.173502 0.194154 0.075710 0.146138
4 0.164826 0.365344 0.140379 0.501044
1 0.320978 0.698330 0.137224 0.348643
11 0.070189 0.468685 0.070978 0.194154
5 0.157729 0.567850 0.176656 0.200418
14 0.328864 0.485386 0.244479 0.298539
2 0.102524 0.192067 0.088328 0.133612
9 0.085174 0.301670 0.126183 0.373695
10 0.484227 0.567850 0.201893 0.141962
6 0.740536 0.655532 0.244479 0.267223
17 0.618297 0.685804 0.567823 0.344468
20 0.294164 0.115866 0.405363 0.048017
3 0.056782 0.198330 0.063091 0.129436