20 0.387826 0.319249 0.292174 0.028169
5 0.293043 0.711268 0.290435 0.192488
18 0.059130 0.572770 0.062609 0.079812
0 0.109565 0.519953 0.086957 0.194836
6 0.845217 0.585681 0.222609 0.143192
17 0.770435 0.742958 0.420870 0.359155
15 0.069565 0.460094 0.013913 0.042254
10 0.706957 0.636150 0.182609 0.070423
14 0.554783 0.619718 0.278261 0.305164
13 0.689565 0.510563 0.443478 0.180751
19 0.353043 0.456573 0.090435 0.053991
4 0.320870 0.543427 0.200000 0.438967
9 0.181739 0.498826 0.151304 0.345070
11 0.126957 0.612676 0.073043 0.159624
1 0.540870 0.795775 0.187826 0.286385
2 0.191304 0.390845 0.125217 0.110329
8 0.311304 0.395540 0.128696 0.133803
7 0.513913 0.400235 0.325217 0.152582