15 0.571002 0.490400 0.204057 0.142400
15 0.945107 0.397600 0.031026 0.097600
12 0.766110 0.304000 0.343675 0.230400
8 0.198687 0.235200 0.137232 0.131200
2 0.287589 0.250400 0.126492 0.158400
2 0.471957 0.268000 0.194511 0.196800
20 0.544749 0.158400 0.640811 0.086400
3 0.775656 0.447200 0.369928 0.516800
0 0.461814 0.498400 0.365155 0.312000
18 0.690931 0.684000 0.553699 0.350400
19 0.111575 0.286400 0.053699 0.067200
4 0.189141 0.359200 0.165871 0.388800
9 0.271480 0.398400 0.175418 0.470400
14 0.097852 0.392800 0.052506 0.196800
4 0.107399 0.452000 0.062053 0.168000
5 0.212411 0.579200 0.183771 0.179200
11 0.393795 0.693600 0.157518 0.321600
15 0.696301 0.482400 0.101432 0.145600