1 0.294444 0.649254 0.074603 0.313433
7 0.440476 0.198294 0.407937 0.174840
20 0.388889 0.111940 0.317460 0.049041
5 0.195238 0.491471 0.085714 0.168443
19 0.653175 0.208955 0.036508 0.042644
19 0.173810 0.263326 0.090476 0.061834
13 0.592063 0.390192 0.711111 0.307036
10 0.418254 0.546908 0.220635 0.134328
10 0.957143 0.486141 0.015873 0.063966
17 0.622222 0.659915 0.685714 0.466951
14 0.316667 0.446695 0.166667 0.262260
4 0.193651 0.345416 0.088889 0.426439
8 0.207937 0.202559 0.041270 0.144989
11 0.146825 0.414712 0.036508 0.134328
2 0.192063 0.182303 0.041270 0.095949
0 0.150794 0.291045 0.073016 0.185501
6 0.748413 0.571429 0.395238 0.187633