18 0.897975 0.537217 0.116822 0.245955
9 0.643302 0.388350 0.236760 0.498382
11 0.771807 0.632686 0.141745 0.281553
2 0.630062 0.228155 0.163551 0.152104
2 0.758567 0.257282 0.049844 0.055016
14 0.189252 0.440129 0.238318 0.291262
17 0.071651 0.540453 0.071651 0.207120
4 0.411215 0.386731 0.286604 0.495146
1 0.179907 0.595469 0.147975 0.291262
8 0.453271 0.236246 0.168224 0.161812
10 0.073988 0.417476 0.045171 0.051780
13 0.168224 0.339806 0.242991 0.155340
19 0.340343 0.296117 0.057632 0.061489
0 0.802960 0.433657 0.260125 0.310680
5 0.474299 0.621359 0.434579 0.071197
15 0.918224 0.364078 0.060748 0.139159
7 0.346573 0.216828 0.169782 0.155340