8 0.166667 0.230000 0.122807 0.153333
19 0.079574 0.270833 0.056391 0.045000
4 0.149123 0.342500 0.175439 0.391667
1 0.067043 0.457500 0.073935 0.168333
16 0.850251 0.545000 0.131579 0.110000
20 0.499373 0.129167 0.580201 0.051667
5 0.170426 0.565833 0.180451 0.168333
14 0.058271 0.395833 0.068922 0.215000
12 0.752506 0.280000 0.354637 0.206667
2 0.257519 0.243333 0.141604 0.186667
9 0.241855 0.383333 0.187970 0.476667
2 0.404762 0.261667 0.142857 0.206667
11 0.354010 0.700000 0.161654 0.296667
18 0.731203 0.669167 0.479950 0.311667
15 0.580201 0.537500 0.160401 0.155000
15 0.970551 0.453333 0.013784 0.123333
3 0.750627 0.409167 0.436090 0.525000
0 0.444236 0.568333 0.392231 0.450000