13 0.319809 0.406762 0.534606 0.190574
7 0.480907 0.253074 0.326969 0.182377
6 0.089499 0.620902 0.140811 0.221311
17 0.206444 0.644467 0.367542 0.313525
10 0.257757 0.521516 0.174224 0.096311
14 0.451671 0.547131 0.282816 0.311475
5 0.704654 0.646516 0.332936 0.174180
19 0.655728 0.323770 0.077566 0.090164
8 0.674224 0.250000 0.174224 0.180328
2 0.880668 0.237705 0.097852 0.114754
15 0.967780 0.349385 0.009547 0.038934
1 0.451671 0.703893 0.158711 0.346311
11 0.909308 0.557377 0.073986 0.225410
4 0.679594 0.421107 0.196897 0.526639
9 0.822196 0.386270 0.159905 0.456967
20 0.565036 0.155738 0.220764 0.028689
18 0.963007 0.497951 0.033413 0.131148
0 0.915274 0.428279 0.119332 0.270492
2 0.801909 0.235656 0.114558 0.139344