0 0.572619 0.458621 0.521429 0.410345
19 0.090476 0.257759 0.083333 0.070690
8 0.190476 0.201724 0.135714 0.172414
2 0.308929 0.195690 0.151190 0.167241
2 0.379167 0.200862 0.039286 0.139655
2 0.448214 0.203448 0.067857 0.127586
9 0.298214 0.382759 0.225000 0.562069
4 0.173810 0.346552 0.192857 0.486207
14 0.057143 0.403448 0.100000 0.227586
5 0.215476 0.626724 0.264286 0.222414
20 0.428571 0.084483 0.440476 0.058621
12 0.709524 0.179310 0.354762 0.113793
3 0.730357 0.334483 0.484524 0.486207
15 0.730952 0.406897 0.235714 0.158621
15 0.852976 0.680172 0.127381 0.056897
18 0.656548 0.654310 0.665476 0.484483
11 0.462500 0.762069 0.234524 0.403448
1 0.066667 0.481034 0.092857 0.193103
15 0.867857 0.404310 0.064286 0.153448