16 0.874687 0.673045 0.107769 0.114809
6 0.835840 0.559068 0.182957 0.153078
10 0.604637 0.589850 0.261905 0.101498
17 0.710526 0.668053 0.493734 0.274542
13 0.637218 0.492512 0.582707 0.312812
14 0.467419 0.515807 0.298246 0.242928
7 0.481203 0.303661 0.360902 0.178037
20 0.353383 0.211314 0.360902 0.043261
19 0.275063 0.376872 0.088972 0.088186
1 0.427318 0.686356 0.155388 0.284526
8 0.263784 0.301997 0.116541 0.178037
2 0.173559 0.276206 0.088972 0.126456
2 0.135338 0.271215 0.050125 0.083195
9 0.155388 0.372712 0.125313 0.319468
4 0.251880 0.419301 0.150376 0.412646
0 0.090852 0.371880 0.068922 0.151414
11 0.117168 0.490849 0.088972 0.163062
5 0.224937 0.566556 0.224311 0.161398
19 0.627820 0.297005 0.020050 0.018303
10 0.929198 0.509983 0.013784 0.098170