7 0.456761 0.232632 0.416667 0.191579
8 0.227987 0.249474 0.116352 0.221053
4 0.205975 0.373684 0.119497 0.486316
1 0.327044 0.735789 0.169811 0.330526
6 0.797170 0.704211 0.194969 0.271579
10 0.497642 0.513684 0.259434 0.181053
13 0.600629 0.405263 0.569182 0.195789
17 0.627358 0.677895 0.559748 0.404211
20 0.311321 0.137895 0.380503 0.052632
14 0.331761 0.462105 0.176101 0.326316
2 0.145440 0.208421 0.070755 0.134737
9 0.136006 0.317895 0.095912 0.366316
11 0.121069 0.475789 0.075472 0.172632
15 0.087264 0.265263 0.014151 0.037895
0 0.091981 0.292632 0.033019 0.117895
19 0.209906 0.314737 0.111635 0.103158
18 0.077830 0.349474 0.023585 0.101053
5 0.183176 0.545263 0.133648 0.206316
6 0.769654 0.526316 0.218553 0.117895