7 0.485140 0.317217 0.333916 0.106132
9 0.214161 0.442217 0.089161 0.337264
11 0.180944 0.557783 0.054196 0.162736
2 0.223776 0.331368 0.059441 0.101415
14 0.385490 0.517689 0.169580 0.323113
17 0.669580 0.636792 0.517483 0.415094
4 0.270105 0.464623 0.110140 0.400943
1 0.388112 0.682783 0.129371 0.323113
8 0.277972 0.334906 0.083916 0.117925
10 0.567308 0.504717 0.243007 0.146226
13 0.613636 0.418632 0.503497 0.106132
19 0.278846 0.376179 0.082168 0.058962
0 0.166958 0.445755 0.036713 0.155660
5 0.261364 0.634434 0.131119 0.136792
20 0.423077 0.270047 0.248252 0.030660
6 0.802448 0.533019 0.220280 0.160377