1 0.483439 0.747878 0.192357 0.327674
11 0.100637 0.441426 0.094268 0.176570
10 0.659236 0.499151 0.317197 0.213922
10 0.914650 0.365025 0.084076 0.159593
18 0.039490 0.322581 0.012739 0.067912
19 0.284076 0.306452 0.135032 0.100170
0 0.077070 0.304754 0.080255 0.320883
5 0.246497 0.587436 0.276433 0.258065
20 0.326752 0.054329 0.477707 0.078098
16 0.921019 0.649406 0.099363 0.181664
14 0.478981 0.481324 0.252229 0.398981
17 0.744586 0.648557 0.470064 0.529711
6 0.908280 0.588285 0.114650 0.147708
7 0.521656 0.188455 0.467516 0.285229
13 0.711465 0.417657 0.492994 0.407470
4 0.248408 0.360781 0.216561 0.606112
8 0.243949 0.178268 0.149045 0.203735
9 0.115287 0.286927 0.115924 0.461800
2 0.119745 0.155348 0.091720 0.164686