1 0.888393 0.553170 0.085459 0.210634
11 0.190689 0.741309 0.090561 0.079755
11 0.528061 0.822086 0.170918 0.347648
15 0.426658 0.489775 0.103316 0.198364
15 0.156250 0.401840 0.044643 0.165644
19 0.870536 0.277096 0.031888 0.063395
3 0.324617 0.350716 0.355867 0.472393
12 0.325255 0.255624 0.242347 0.204499
18 0.332908 0.657464 0.433673 0.443763
0 0.548469 0.553170 0.191327 0.398773
5 0.744260 0.682004 0.256378 0.231084
20 0.542092 0.123722 0.492347 0.104294
14 0.898597 0.417178 0.080357 0.249489
2 0.654974 0.232106 0.172194 0.210634
4 0.799107 0.383436 0.174745 0.550102
8 0.788265 0.219836 0.122449 0.194274
9 0.660714 0.418200 0.211735 0.615542