14 0.534752 0.526005 0.178723 0.371158
10 0.382270 0.530733 0.251064 0.172577
10 0.144681 0.452719 0.085106 0.153664
13 0.350355 0.420804 0.408511 0.198582
5 0.717730 0.632388 0.229787 0.205674
19 0.683688 0.378251 0.085106 0.132388
8 0.679433 0.278960 0.136170 0.260047
4 0.684397 0.410165 0.174468 0.574468
2 0.785106 0.224586 0.086525 0.160757
2 0.829787 0.184397 0.022695 0.080378
9 0.794326 0.353428 0.130496 0.460993
7 0.468085 0.252955 0.368794 0.241135
20 0.645390 0.117021 0.391489 0.073286
1 0.527660 0.751773 0.133333 0.312057
11 0.845390 0.518913 0.079433 0.200946
15 0.883688 0.287234 0.039716 0.059102
0 0.865957 0.398345 0.075177 0.262411
12 0.868794 0.213948 0.026950 0.111111
17 0.284397 0.670213 0.415603 0.465721
6 0.188652 0.700946 0.204255 0.234043