5 0.766038 0.596828 0.216352 0.218698
11 0.565409 0.751252 0.177358 0.323873
18 0.289937 0.666110 0.524528 0.417362
16 0.154088 0.645242 0.137107 0.128548
15 0.394969 0.387312 0.191195 0.330551
15 0.125786 0.336394 0.176101 0.258765
3 0.256604 0.383973 0.347170 0.363940
20 0.488679 0.174457 0.547170 0.091820
0 0.584277 0.494992 0.300629 0.315526
2 0.594340 0.279633 0.230189 0.218698
14 0.896855 0.378965 0.070440 0.227045
4 0.771069 0.378130 0.223899 0.445743
1 0.891195 0.439900 0.071698 0.178631
19 0.874843 0.273790 0.046541 0.056761
12 0.244025 0.359766 0.284277 0.282137