9 0.787950 0.347545 0.120501 0.405685
11 0.836463 0.481912 0.061033 0.183463
2 0.770736 0.215762 0.070423 0.121447
14 0.433490 0.487080 0.338028 0.364341
17 0.341158 0.684755 0.510172 0.361757
4 0.669797 0.401809 0.184664 0.519380
1 0.500782 0.713178 0.134585 0.299742
8 0.671362 0.236434 0.134585 0.162791
6 0.150235 0.554264 0.112676 0.142119
10 0.298905 0.585271 0.247261 0.085271
13 0.304382 0.432817 0.386541 0.240310
19 0.611894 0.344961 0.143975 0.121447
5 0.701095 0.599483 0.231612 0.222222
20 0.589202 0.136951 0.242567 0.036176
7 0.467136 0.251938 0.333333 0.204134
15 0.867762 0.281654 0.007825 0.025840
0 0.846635 0.288114 0.062598 0.167959
18 0.848983 0.430233 0.070423 0.193798