7 0.440157 0.209205 0.376378 0.205021
14 0.400000 0.509414 0.270866 0.286611
16 0.869291 0.622385 0.072441 0.148536
6 0.841732 0.605649 0.184252 0.328452
17 0.614961 0.684100 0.332283 0.288703
10 0.610236 0.566946 0.228346 0.096234
1 0.381890 0.621339 0.155906 0.238494
11 0.104724 0.396444 0.067717 0.156904
8 0.218110 0.216527 0.108661 0.182008
2 0.132283 0.187238 0.078740 0.119247
9 0.130709 0.303347 0.091339 0.368201
0 0.076378 0.275105 0.033071 0.144351
4 0.227559 0.374477 0.168504 0.510460
13 0.588189 0.384937 0.656693 0.309623
20 0.307874 0.110879 0.354331 0.054393
19 0.217323 0.281381 0.103937 0.064854
19 0.637795 0.217573 0.040945 0.029289