9 0.157775 0.351045 0.106697 0.454704
11 0.133939 0.502613 0.070375 0.175958
2 0.125426 0.205575 0.035187 0.114983
2 0.162883 0.218641 0.078320 0.165505
14 0.442111 0.539199 0.257662 0.367596
17 0.697503 0.722125 0.461975 0.419861
4 0.249149 0.407666 0.148695 0.564460
1 0.448354 0.781359 0.136209 0.318815
8 0.248581 0.236063 0.104427 0.203833
6 0.825199 0.595819 0.190692 0.268293
10 0.639047 0.634146 0.204313 0.167247
10 0.893303 0.445993 0.034052 0.101045
13 0.637344 0.434669 0.518729 0.318815
16 0.859251 0.695122 0.108967 0.181185
19 0.265607 0.337108 0.113507 0.123693
0 0.114075 0.388502 0.064699 0.261324
5 0.250284 0.634146 0.219069 0.226481
20 0.359251 0.112369 0.328036 0.054007
7 0.482406 0.239547 0.392736 0.263066
14 0.786039 0.337108 0.187287 0.137631