18 0.686237 0.700675 0.549242 0.254637
9 0.291667 0.434233 0.176768 0.480607
11 0.429924 0.720067 0.190657 0.269815
2 0.297980 0.312816 0.126263 0.173693
2 0.503157 0.327993 0.233586 0.210793
12 0.801768 0.321248 0.287879 0.237774
14 0.078914 0.457841 0.077020 0.187184
4 0.186237 0.408094 0.183081 0.414840
1 0.087121 0.519393 0.083333 0.168634
8 0.197601 0.307757 0.114899 0.156830
19 0.119949 0.361720 0.053030 0.045531
0 0.472222 0.538786 0.300505 0.274874
5 0.220328 0.632378 0.231061 0.165261
20 0.493687 0.184654 0.434343 0.032040
15 0.639520 0.532884 0.094697 0.185497
3 0.783460 0.448567 0.352273 0.559865