7 0.496301 0.189895 0.398274 0.216028
13 0.361282 0.372822 0.466091 0.278746
17 0.311344 0.616725 0.469790 0.334495
6 0.186806 0.492160 0.154131 0.165505
10 0.384094 0.502613 0.223181 0.196864
10 0.163995 0.361498 0.078915 0.113240
14 0.568434 0.427700 0.212084 0.318815
19 0.717633 0.289199 0.088779 0.097561
2 0.826757 0.160279 0.053021 0.111498
8 0.740444 0.192509 0.114673 0.186411
8 0.652281 0.276132 0.051788 0.137631
4 0.742293 0.330139 0.162762 0.489547
0 0.844020 0.309233 0.080148 0.252613
11 0.840321 0.396341 0.070284 0.162021
1 0.561036 0.656794 0.152898 0.285714
20 0.614057 0.075784 0.278668 0.036585
5 0.727497 0.515679 0.128237 0.139373