17 0.240167 0.655000 0.415971 0.486667
6 0.067342 0.565000 0.070322 0.193333
16 0.063170 0.655000 0.054827 0.163333
13 0.353397 0.406667 0.568534 0.350000
14 0.483313 0.484167 0.399285 0.385000
19 0.747914 0.255833 0.139452 0.121667
2 0.872467 0.157500 0.071514 0.138333
2 0.916567 0.151667 0.033373 0.103333
15 0.974374 0.217500 0.013111 0.048333
7 0.553635 0.202500 0.342074 0.211667
19 0.421335 0.190833 0.020262 0.025000
20 0.689511 0.080000 0.384982 0.060000
4 0.765793 0.354167 0.191895 0.551667
9 0.886770 0.282500 0.119190 0.408333
5 0.751490 0.565000 0.315852 0.300000
0 0.944577 0.290833 0.072706 0.245000
11 0.917163 0.410000 0.098927 0.180000
1 0.482718 0.735833 0.224076 0.345000