18 0.284722 0.642017 0.470960 0.379832
11 0.522727 0.772269 0.184343 0.310924
2 0.620581 0.297479 0.183081 0.151261
12 0.299874 0.309244 0.364899 0.184874
14 0.902778 0.473109 0.047980 0.196639
17 0.933081 0.494118 0.030303 0.121008
4 0.787879 0.437815 0.219697 0.442017
1 0.890152 0.558824 0.073232 0.159664
8 0.766414 0.295798 0.169192 0.147899
16 0.143308 0.651261 0.127525 0.122689
19 0.886364 0.361345 0.047980 0.077311
0 0.540404 0.547059 0.404040 0.341176
5 0.751894 0.660504 0.253788 0.154622
20 0.548611 0.211765 0.455808 0.080672
15 0.076389 0.421008 0.013889 0.055462
15 0.369318 0.505882 0.172980 0.104202
3 0.234848 0.468067 0.325758 0.267227
3 0.366162 0.220168 0.275253 0.070588