10 0.602273 0.477876 0.229021 0.135693
6 0.782343 0.619469 0.169580 0.206490
4 0.476399 0.679941 0.134615 0.262537
11 0.179196 0.494100 0.071678 0.162242
19 0.333916 0.353982 0.076923 0.100295
13 0.628497 0.377581 0.407343 0.230088
6 0.771853 0.480826 0.117133 0.064897
17 0.675699 0.595870 0.389860 0.348083
7 0.503497 0.227139 0.311189 0.188791
14 0.457168 0.516224 0.155594 0.283186
20 0.363636 0.129794 0.307692 0.041298
8 0.312063 0.235988 0.110140 0.165192
8 0.389860 0.312684 0.020979 0.064897
2 0.223776 0.216814 0.069930 0.126844
2 0.181818 0.207965 0.017483 0.061947
15 0.155594 0.237463 0.020979 0.050147
4 0.312063 0.392330 0.148601 0.495575
9 0.210664 0.342183 0.110140 0.401180
5 0.289336 0.566372 0.208042 0.176991
0 0.150350 0.340708 0.027972 0.215339