13 0.590409 0.378151 0.520440 0.201681
6 0.716195 0.524160 0.250000 0.191176
10 0.531447 0.549370 0.160377 0.119748
10 0.852201 0.474790 0.025157 0.084034
17 0.628931 0.647059 0.484277 0.285714
1 0.371855 0.671218 0.121069 0.292017
20 0.368711 0.123950 0.316038 0.033613
14 0.394654 0.440126 0.213836 0.275210
7 0.466981 0.226891 0.355346 0.193277
8 0.257075 0.232143 0.070755 0.178571
2 0.205189 0.202731 0.055031 0.123950
2 0.167453 0.191176 0.039308 0.105042
19 0.242925 0.290966 0.077044 0.065126
4 0.250000 0.344538 0.088050 0.415966
9 0.194182 0.317227 0.077044 0.365546
0 0.150157 0.299370 0.029874 0.136555