12 0.238060 0.252232 0.240299 0.187500
3 0.226119 0.329241 0.282090 0.404018
15 0.274627 0.447545 0.158209 0.136161
18 0.199254 0.591518 0.276119 0.388393
5 0.654478 0.622768 0.335821 0.160714
0 0.419403 0.485491 0.259701 0.314732
9 0.550746 0.393973 0.241791 0.479911
2 0.430597 0.261161 0.049254 0.133929
2 0.535075 0.252232 0.189552 0.165179
20 0.464925 0.138393 0.359701 0.053571
11 0.376119 0.706473 0.197015 0.283482
4 0.722388 0.380580 0.229851 0.448661
8 0.701493 0.252232 0.155224 0.169643
8 0.789552 0.281250 0.050746 0.111607
19 0.809701 0.311384 0.040299 0.064732
14 0.863433 0.409598 0.105970 0.270089
10 0.887313 0.330357 0.058209 0.080357
1 0.858209 0.510045 0.113433 0.185268
17 0.914925 0.431920 0.017910 0.122768
16 0.123881 0.448661 0.062687 0.098214