9 0.172474 0.328638 0.097561 0.319249
11 0.143728 0.442488 0.060976 0.143192
17 0.641986 0.600939 0.486063 0.380282
4 0.248258 0.381455 0.137631 0.429577
1 0.396341 0.637324 0.127178 0.265258
7 0.479965 0.250000 0.364111 0.180751
13 0.612369 0.392019 0.468641 0.206573
14 0.376307 0.450704 0.160279 0.309859
0 0.133275 0.356808 0.054007 0.234742
20 0.360627 0.159624 0.289199 0.037559
10 0.586237 0.531690 0.273519 0.147887
19 0.262195 0.328638 0.054007 0.089202
6 0.784843 0.626761 0.203833 0.220657
3 0.152439 0.198357 0.064460 0.068075
2 0.187282 0.231221 0.054007 0.110329
2 0.153310 0.237089 0.017422 0.051643
8 0.250000 0.251174 0.099303 0.150235
5 0.243902 0.551643 0.160279 0.154930