3 0.769646 0.435654 0.395994 0.605485
12 0.780431 0.297468 0.331279 0.215190
15 0.673344 0.536920 0.283513 0.158228
15 0.953005 0.401899 0.038521 0.094937
18 0.634052 0.716245 0.682589 0.445148
0 0.503082 0.483122 0.349769 0.282700
11 0.418336 0.772152 0.186441 0.358650
20 0.525424 0.127637 0.560863 0.078059
2 0.453775 0.262658 0.109399 0.183544
2 0.318182 0.248945 0.146379 0.198312
8 0.193374 0.237342 0.124807 0.179325
9 0.302773 0.395570 0.201849 0.516878
4 0.180277 0.370253 0.175655 0.470464
19 0.096302 0.286920 0.063174 0.067511
14 0.070108 0.378692 0.075501 0.187764
1 0.085516 0.481013 0.106317 0.185654
5 0.199538 0.606540 0.189522 0.191983
15 0.678737 0.745781 0.112481 0.048523
16 0.876733 0.498945 0.107858 0.132911