7 0.506140 0.318925 0.349123 0.203271
20 0.414912 0.198598 0.271930 0.051402
14 0.387719 0.543224 0.143860 0.301402
13 0.596491 0.500000 0.449123 0.271028
10 0.543860 0.632009 0.192982 0.133178
10 0.828947 0.551402 0.043860 0.135514
19 0.286842 0.360981 0.089474 0.081776
17 0.629825 0.733645 0.449123 0.336449
9 0.231579 0.346963 0.098246 0.320093
2 0.240351 0.258178 0.063158 0.119159
11 0.201754 0.431075 0.035088 0.119159
1 0.378947 0.691589 0.070175 0.219626
4 0.292105 0.407710 0.100000 0.436916
8 0.292982 0.278037 0.063158 0.163551
6 0.735088 0.643692 0.154386 0.151869
19 0.650877 0.310748 0.035088 0.042056