18 0.707317 0.682741 0.536585 0.507614
9 0.279617 0.422589 0.172474 0.565990
11 0.439024 0.802030 0.195122 0.360406
4 0.165505 0.380711 0.132404 0.451777
1 0.077526 0.501269 0.060976 0.170051
15 0.644599 0.553299 0.247387 0.137056
19 0.087979 0.303299 0.043554 0.053299
20 0.478223 0.105330 0.426829 0.068528
3 0.710801 0.376904 0.432056 0.596447
14 0.070557 0.428934 0.067944 0.197970
5 0.224739 0.656091 0.233449 0.241117
0 0.479094 0.540609 0.341463 0.340102
2 0.419861 0.263959 0.128920 0.218274
12 0.728223 0.257614 0.358885 0.307107
2 0.286585 0.252538 0.120209 0.200508
8 0.171603 0.246193 0.109756 0.167513