18 0.284588 0.604326 0.439580 0.353690
12 0.350263 0.213740 0.308231 0.132316
3 0.246060 0.389313 0.299475 0.284987
15 0.095447 0.352417 0.019264 0.078880
15 0.362522 0.412214 0.175131 0.142494
0 0.458844 0.435115 0.332750 0.346056
20 0.464974 0.134860 0.260946 0.035623
11 0.520140 0.625954 0.115587 0.218830
1 0.812609 0.423664 0.066550 0.155216
5 0.711909 0.513995 0.169877 0.122137
14 0.822242 0.354962 0.061296 0.190840
19 0.778459 0.256997 0.029772 0.045802
9 0.610333 0.353690 0.190893 0.432570
2 0.593695 0.217557 0.143608 0.155216
4 0.719790 0.328244 0.161121 0.381679
8 0.708406 0.213740 0.117338 0.137405
15 0.250438 0.414758 0.073555 0.076336