5 0.234227 0.565762 0.184543 0.200418
1 0.414826 0.701461 0.167192 0.329854
11 0.145110 0.492693 0.075710 0.167015
10 0.546530 0.458246 0.269716 0.173278
7 0.480284 0.228601 0.402208 0.173278
19 0.254732 0.303758 0.099369 0.073069
17 0.689274 0.607516 0.511041 0.417537
6 0.820978 0.462422 0.206625 0.123173
13 0.649842 0.375783 0.542587 0.200418
14 0.399054 0.454071 0.198738 0.327766
8 0.246845 0.222338 0.089905 0.127349
4 0.242902 0.379958 0.126183 0.463466
2 0.175079 0.224426 0.050473 0.127349
2 0.140379 0.223382 0.028391 0.083507
9 0.163249 0.324635 0.089905 0.352818
20 0.324132 0.151357 0.392744 0.085595
0 0.121451 0.359081 0.050473 0.212944
15 0.101735 0.287056 0.014196 0.035491