3 0.231390 0.483636 0.286600 0.367273
15 0.415012 0.373636 0.140199 0.390909
15 0.151985 0.265455 0.150124 0.258182
0 0.552109 0.537273 0.287841 0.361818
5 0.790943 0.621818 0.239454 0.258182
11 0.563275 0.790909 0.186104 0.356364
1 0.931141 0.451818 0.068238 0.187273
2 0.689206 0.223636 0.209677 0.261818
8 0.822581 0.196364 0.163772 0.200000
9 0.705955 0.394545 0.245658 0.603636
20 0.545285 0.110909 0.609181 0.109091
19 0.921836 0.240000 0.042184 0.040000
14 0.942308 0.372727 0.063275 0.236364
12 0.291563 0.267273 0.347395 0.269091
18 0.309553 0.649091 0.502481 0.505455
16 0.155707 0.673636 0.115385 0.154545
4 0.841191 0.338182 0.186104 0.490909
2 0.563896 0.286364 0.125310 0.180000
17 0.967122 0.319091 0.018610 0.121818