16 0.240310 0.487578 0.146179 0.149068
18 0.387043 0.637422 0.601329 0.414596
11 0.679402 0.666925 0.109635 0.281056
2 0.755814 0.211180 0.105205 0.192547
2 0.707087 0.243012 0.071982 0.166149
9 0.753599 0.336180 0.167220 0.458075
12 0.447398 0.211180 0.429679 0.214286
15 0.469546 0.525621 0.141750 0.144410
15 0.390365 0.517857 0.083056 0.119565
15 0.119048 0.386646 0.025471 0.108696
15 0.109081 0.390528 0.018826 0.100932
3 0.331118 0.430901 0.451827 0.380435
20 0.569767 0.103261 0.384275 0.066770
0 0.597453 0.468168 0.331118 0.340062
5 0.813953 0.517081 0.146179 0.236025
8 0.818383 0.190994 0.095238 0.158385
4 0.834441 0.291149 0.125138 0.371118
1 0.895903 0.392857 0.031008 0.133540
14 0.906977 0.311335 0.042082 0.128882
19 0.903654 0.228261 0.050941 0.043478