11 0.128920 0.482477 0.073171 0.133178
14 0.375436 0.523364 0.224739 0.336449
17 0.643728 0.732477 0.496516 0.394860
4 0.207317 0.396028 0.142857 0.460280
1 0.384146 0.754673 0.134146 0.247664
7 0.448606 0.276869 0.388502 0.231308
10 0.561847 0.633178 0.210801 0.158879
13 0.596690 0.481308 0.524390 0.336449
19 0.212544 0.357477 0.087108 0.070093
0 0.112369 0.370327 0.067944 0.217290
20 0.349303 0.161215 0.290941 0.056075
2 0.139373 0.235981 0.055749 0.112150
6 0.785714 0.628505 0.156794 0.191589
10 0.844948 0.454439 0.045296 0.123832
8 0.209930 0.261682 0.099303 0.163551