11 0.088468 0.407757 0.082148 0.174004
1 0.379937 0.636268 0.143760 0.295597
7 0.433649 0.190776 0.424961 0.205451
20 0.297788 0.089099 0.330174 0.060797
4 0.180095 0.336478 0.183254 0.450734
8 0.171406 0.190776 0.109005 0.142558
19 0.200632 0.263103 0.104265 0.085954
2 0.108215 0.168763 0.048973 0.102725
18 0.030806 0.314465 0.026856 0.083857
0 0.065561 0.305031 0.093207 0.257862
3 0.062401 0.176101 0.048973 0.025157
13 0.650079 0.321803 0.624013 0.194969
14 0.440758 0.445493 0.363349 0.295597
5 0.199842 0.525157 0.200632 0.190776
10 0.615324 0.574423 0.266983 0.129979
17 0.684834 0.609015 0.570300 0.442348
19 0.598736 0.178197 0.034755 0.029350