10 0.626972 0.530398 0.200315 0.096436
13 0.651420 0.419287 0.552050 0.268344
19 0.309937 0.307128 0.055205 0.044025
0 0.228707 0.334382 0.072555 0.182390
20 0.434543 0.165618 0.222397 0.025157
7 0.518927 0.250524 0.334385 0.148847
1 0.451893 0.623690 0.111987 0.249476
4 0.306782 0.367925 0.130915 0.366876
17 0.718454 0.610063 0.458991 0.314465
14 0.448738 0.469602 0.175079 0.272537
11 0.227129 0.406709 0.053628 0.134172
19 0.666404 0.255765 0.023659 0.029350
6 0.847003 0.592243 0.201893 0.241090
2 0.263407 0.230608 0.053628 0.088050