19 0.644815 0.378631 0.038141 0.060166
8 0.566746 0.324689 0.239571 0.176349
2 0.200238 0.297718 0.190703 0.126556
2 0.347437 0.308091 0.177592 0.147303
11 0.205006 0.627593 0.135876 0.226141
1 0.802741 0.648340 0.141836 0.226141
5 0.500000 0.658714 0.437426 0.068465
4 0.572110 0.450207 0.259833 0.435685
9 0.345054 0.441909 0.227652 0.423237
15 0.046484 0.410788 0.035757 0.066390
10 0.931466 0.514523 0.046484 0.062241
17 0.918355 0.615145 0.082241 0.163900
14 0.803337 0.560166 0.235995 0.219917
18 0.074493 0.579876 0.106079 0.155602
0 0.166269 0.489627 0.275328 0.273859
7 0.638856 0.330913 0.138260 0.163900
20 0.374851 0.232365 0.408820 0.058091
13 0.815852 0.428423 0.251490 0.139004