9 0.136364 0.314773 0.077187 0.325000
11 0.122642 0.403409 0.066895 0.143182
2 0.156089 0.210227 0.024014 0.111364
2 0.131218 0.217045 0.018868 0.052273
14 0.376501 0.554545 0.238422 0.309091
17 0.577187 0.788636 0.324185 0.363636
4 0.220412 0.388636 0.135506 0.472727
1 0.369640 0.650000 0.114923 0.218182
8 0.214408 0.259091 0.078902 0.140909
6 0.809605 0.646591 0.198971 0.320455
10 0.572899 0.623864 0.226415 0.097727
10 0.893654 0.471591 0.027444 0.079545
13 0.569468 0.429545 0.624357 0.340909
16 0.834477 0.677273 0.077187 0.136364
19 0.225557 0.331818 0.066895 0.104545
5 0.230703 0.556818 0.159520 0.204545
20 0.336192 0.140909 0.319039 0.068182
7 0.437393 0.247727 0.373928 0.218182
0 0.098628 0.277273 0.032590 0.095455