3 0.243734 0.407346 0.402256 0.527546
15 0.394737 0.425710 0.280702 0.113523
15 0.072055 0.375626 0.023810 0.086811
18 0.289474 0.683639 0.503759 0.235392
20 0.496867 0.162771 0.580201 0.068447
11 0.597744 0.694491 0.167920 0.297162
0 0.507519 0.515860 0.413534 0.440735
12 0.261905 0.277963 0.333333 0.178631
16 0.162281 0.477462 0.126566 0.093489
2 0.554511 0.250417 0.169173 0.150250
2 0.704261 0.254591 0.137845 0.145242
9 0.725564 0.401503 0.180451 0.459098
5 0.793860 0.608514 0.221805 0.155259
8 0.821429 0.257095 0.119048 0.143573
4 0.832707 0.383139 0.169173 0.415693
19 0.909774 0.304674 0.050125 0.048414
1 0.927318 0.494157 0.070175 0.173623
14 0.931704 0.429883 0.068922 0.205342