18 0.852440 0.421902 0.124858 0.249576
11 0.858116 0.482173 0.093076 0.183362
15 0.862656 0.283531 0.022701 0.027165
16 0.108400 0.696095 0.069240 0.132428
6 0.145857 0.601019 0.112372 0.132428
1 0.440976 0.765705 0.182747 0.302207
10 0.258229 0.623090 0.146425 0.166384
10 0.087968 0.543294 0.012486 0.044143
17 0.212826 0.723260 0.291714 0.325976
13 0.298524 0.477929 0.415437 0.320883
7 0.448354 0.274194 0.335982 0.246180
14 0.074915 0.571307 0.015891 0.049236
14 0.372304 0.593379 0.415437 0.398981
4 0.681044 0.424448 0.238365 0.509338
8 0.666856 0.286078 0.212259 0.219015
20 0.611805 0.179117 0.320091 0.103565
5 0.688990 0.608659 0.238365 0.188455
0 0.813280 0.398981 0.080590 0.281834