5 0.715328 0.645477 0.145985 0.171149
11 0.586983 0.767726 0.113139 0.347188
0 0.514599 0.502445 0.291971 0.334963
1 0.799270 0.526895 0.051095 0.183374
19 0.791971 0.303178 0.043796 0.063570
20 0.540146 0.129584 0.340633 0.083130
9 0.652676 0.407090 0.159367 0.540342
14 0.809611 0.457213 0.040146 0.195599
3 0.246350 0.518337 0.251825 0.337408
15 0.121655 0.479218 0.009732 0.112469
15 0.414234 0.520782 0.125304 0.195599
12 0.290146 0.272616 0.312652 0.232274
18 0.346107 0.709046 0.470803 0.381418
3 0.356448 0.139364 0.231144 0.044010
13 0.796229 0.345966 0.020681 0.022005
4 0.733577 0.385086 0.126521 0.457213
8 0.720803 0.246944 0.086375 0.151589
2 0.653893 0.240831 0.098540 0.173594
2 0.609489 0.243276 0.046229 0.178484
2 0.523723 0.259169 0.122871 0.200489