7 0.506944 0.267705 0.297840 0.206799
20 0.385802 0.158640 0.271605 0.050992
5 0.314043 0.596317 0.165123 0.138810
0 0.176698 0.373938 0.044753 0.220963
19 0.369599 0.358357 0.097222 0.087819
16 0.772377 0.609065 0.072531 0.118980
13 0.631173 0.433428 0.358025 0.254958
10 0.604938 0.528329 0.172840 0.104816
6 0.748457 0.502833 0.108025 0.110482
8 0.331790 0.269122 0.095679 0.175637
1 0.483025 0.695467 0.123457 0.274788
4 0.329475 0.410765 0.131173 0.470255
17 0.655093 0.637394 0.325617 0.300283
14 0.471451 0.515581 0.162037 0.334278
2 0.199074 0.236544 0.055556 0.116147
2 0.249228 0.249292 0.063272 0.135977
11 0.204475 0.505666 0.057099 0.167139
9 0.237654 0.364023 0.101852 0.376771