16 0.785266 0.323691 0.094044 0.134986
3 0.692006 0.296143 0.315047 0.592287
15 0.540752 0.282369 0.169279 0.349862
5 0.130878 0.539945 0.195925 0.165289
0 0.393417 0.385675 0.329154 0.567493
19 0.025862 0.187328 0.029781 0.060606
8 0.098746 0.100551 0.094044 0.195592
1 0.018809 0.446281 0.034483 0.198347
4 0.079154 0.258953 0.148903 0.512397
12 0.686520 0.079890 0.307210 0.159780
2 0.360502 0.088154 0.181818 0.170799
2 0.204545 0.096419 0.136364 0.187328
11 0.382445 0.706612 0.203762 0.421488
9 0.191223 0.289256 0.188088 0.573003
18 0.615204 0.539945 0.518809 0.506887