7 0.485166 0.308140 0.328098 0.137209
20 0.575916 0.236047 0.226876 0.034884
13 0.374346 0.426744 0.392670 0.137209
10 0.420593 0.510465 0.223386 0.137209
6 0.241710 0.533721 0.155323 0.118605
16 0.211169 0.612791 0.052356 0.067442
17 0.344677 0.594186 0.371728 0.290698
14 0.555846 0.508140 0.155323 0.244186
19 0.655323 0.347674 0.116928 0.086047
1 0.558464 0.620930 0.115183 0.237209
8 0.684991 0.311628 0.099476 0.153488
4 0.678883 0.417442 0.164049 0.379070
5 0.721640 0.545349 0.176265 0.155814
11 0.821117 0.472093 0.054101 0.134884
2 0.754799 0.284884 0.064572 0.100000
2 0.790576 0.286047 0.017452 0.046512
9 0.773124 0.374419 0.101222 0.293023
15 0.841187 0.327907 0.017452 0.046512
0 0.820244 0.391860 0.059337 0.197674