17 0.690551 0.677215 0.577953 0.421941
6 0.837795 0.563291 0.163780 0.185654
10 0.944094 0.462025 0.029921 0.084388
10 0.585039 0.542194 0.215748 0.126582
1 0.377953 0.747890 0.185827 0.398734
5 0.191339 0.592827 0.187402 0.181435
14 0.403937 0.467300 0.272441 0.364979
13 0.626772 0.407173 0.617323 0.210970
7 0.470866 0.209916 0.406299 0.196203
20 0.383465 0.110759 0.319685 0.052743
0 0.070866 0.378692 0.066142 0.242616
11 0.088189 0.507384 0.081890 0.213080
18 0.040157 0.398734 0.014173 0.084388
2 0.080315 0.195148 0.066142 0.128692
9 0.130709 0.314346 0.110236 0.413502
2 0.133858 0.208861 0.081890 0.168776
4 0.209449 0.364979 0.141732 0.514768
8 0.214961 0.206751 0.096063 0.160338
19 0.214173 0.287975 0.103937 0.078059