0 0.079587 0.371355 0.071689 0.272727
5 0.215674 0.610635 0.215067 0.205832
11 0.095990 0.481990 0.080194 0.174957
9 0.128190 0.355918 0.113001 0.406518
4 0.258809 0.423671 0.218712 0.542024
14 0.419198 0.561750 0.208991 0.327616
17 0.792831 0.528302 0.261239 0.195540
17 0.689550 0.746141 0.494532 0.377358
1 0.421628 0.754717 0.165249 0.305317
6 0.846294 0.590909 0.176185 0.204117
8 0.299514 0.324185 0.032807 0.113208
2 0.110571 0.217839 0.024301 0.078902
2 0.144593 0.225557 0.065614 0.125214
8 0.230863 0.263293 0.104496 0.197256
19 0.238153 0.361063 0.099635 0.111492
13 0.634265 0.440823 0.500608 0.284734
20 0.302552 0.158662 0.420413 0.063465
7 0.479951 0.265866 0.405832 0.216123