19 0.634454 0.325678 0.116447 0.087683
7 0.476591 0.209812 0.350540 0.252610
13 0.280912 0.395616 0.448980 0.302714
6 0.083433 0.522965 0.078031 0.144050
10 0.213685 0.579332 0.208884 0.123173
1 0.421369 0.763048 0.201681 0.369520
14 0.418968 0.530271 0.302521 0.434238
5 0.704082 0.667015 0.344538 0.215031
8 0.575630 0.311065 0.051621 0.116910
8 0.696279 0.210856 0.184874 0.225470
4 0.682473 0.411273 0.236495 0.626305
9 0.851140 0.354906 0.148860 0.509395
2 0.837335 0.195198 0.094838 0.169102
11 0.906963 0.529228 0.104442 0.223382
0 0.916567 0.400835 0.090036 0.334029
20 0.699280 0.081420 0.440576 0.058455
17 0.208884 0.697286 0.357743 0.438413
2 0.896158 0.193111 0.039616 0.131524
15 0.957983 0.304802 0.009604 0.066806