19 0.301587 0.307181 0.044444 0.087766
19 0.724603 0.313830 0.049206 0.079787
20 0.515079 0.117021 0.261905 0.053191
7 0.515873 0.223404 0.339683 0.180851
10 0.330952 0.515957 0.096825 0.218085
10 0.715079 0.530585 0.090476 0.215426
6 0.510317 0.765957 0.376190 0.196809
13 0.519048 0.437500 0.438095 0.268617
17 0.523016 0.683511 0.528571 0.398936
6 0.525397 0.587766 0.330159 0.069149
0 0.357937 0.216755 0.065079 0.167553
0 0.669841 0.231383 0.063492 0.175532
14 0.280952 0.457447 0.031746 0.106383
14 0.757143 0.489362 0.028571 0.111702