1 0.554491 0.790419 0.170060 0.335329
11 0.159281 0.559880 0.093413 0.209581
19 0.377246 0.375250 0.117365 0.107784
7 0.554491 0.256487 0.366467 0.213573
8 0.357485 0.283433 0.178443 0.219561
4 0.352695 0.458084 0.228743 0.584830
6 0.883234 0.711577 0.106587 0.169661
13 0.714371 0.402196 0.386826 0.221557
20 0.364671 0.153693 0.394012 0.055888
5 0.323952 0.681637 0.283832 0.213573
14 0.549102 0.557884 0.207186 0.397206
2 0.217964 0.256487 0.117365 0.177645
9 0.199401 0.393214 0.152096 0.451098
15 0.114371 0.331337 0.017964 0.067864
0 0.130539 0.335329 0.055090 0.171657
17 0.770060 0.692615 0.366467 0.530938