0 0.125874 0.344626 0.062937 0.217290
11 0.138112 0.420561 0.069930 0.149533
9 0.176573 0.328271 0.104895 0.329439
2 0.152098 0.223131 0.031469 0.058411
2 0.187937 0.224299 0.064685 0.102804
20 0.373252 0.170561 0.288462 0.032710
7 0.465909 0.259346 0.326923 0.154206
14 0.426573 0.516355 0.234266 0.271028
13 0.598776 0.417056 0.564685 0.231308
17 0.676573 0.696262 0.437063 0.261682
1 0.417832 0.665888 0.132867 0.275701
6 0.805070 0.619159 0.183566 0.261682
5 0.251748 0.549065 0.195804 0.196262
4 0.256119 0.380841 0.145105 0.434579
8 0.258741 0.251168 0.090909 0.151869
19 0.258741 0.317757 0.076923 0.074766