5 0.194136 0.563941 0.096672 0.176101
14 0.791601 0.307128 0.318542 0.148847
14 0.340729 0.500000 0.316957 0.354298
11 0.125990 0.429769 0.049128 0.117400
0 0.103803 0.324948 0.045959 0.205451
2 0.123613 0.207547 0.022187 0.075472
20 0.324881 0.119497 0.358162 0.054507
19 0.599049 0.197065 0.019017 0.025157
19 0.143423 0.278826 0.090333 0.058700
4 0.153724 0.349057 0.098257 0.412998
1 0.312995 0.707547 0.141046 0.329140
17 0.662441 0.702306 0.671949 0.486373
6 0.787639 0.566038 0.339144 0.230608
10 0.507132 0.643606 0.190174 0.083857
13 0.600634 0.417191 0.738510 0.368973
7 0.414422 0.216981 0.429477 0.211740
16 0.881141 0.732704 0.136292 0.169811
8 0.157686 0.211740 0.052298 0.113208