13 0.616352 0.490546 0.606918 0.212185
6 0.809748 0.606092 0.191824 0.161765
10 0.627358 0.654412 0.157233 0.111345
14 0.439465 0.589286 0.363208 0.292017
1 0.419025 0.780462 0.168239 0.325630
17 0.694969 0.747899 0.487421 0.369748
7 0.428459 0.364496 0.341195 0.157563
20 0.337264 0.290966 0.306604 0.044118
19 0.219340 0.404412 0.102201 0.069328
8 0.207547 0.371849 0.135220 0.134454
4 0.203616 0.497899 0.146226 0.394958
0 0.111635 0.476891 0.078616 0.218487
5 0.231918 0.670168 0.183962 0.180672
11 0.126572 0.558824 0.077044 0.159664