7 0.573298 0.196970 0.403141 0.188811
13 0.414485 0.426573 0.654450 0.349650
10 0.465096 0.652681 0.284468 0.139860
16 0.149215 0.689977 0.134380 0.135198
17 0.349040 0.687646 0.572426 0.475524
10 0.082024 0.529138 0.041885 0.060606
14 0.642234 0.461538 0.279232 0.391608
1 0.642234 0.712121 0.132635 0.365967
8 0.821117 0.172494 0.071553 0.177156
19 0.827225 0.266900 0.122164 0.100233
4 0.827225 0.328671 0.122164 0.508159
5 0.814136 0.532634 0.190227 0.282051
20 0.676265 0.085082 0.336824 0.048951
2 0.867365 0.152681 0.066318 0.142191
2 0.901396 0.153846 0.033159 0.088578
9 0.882199 0.268065 0.102967 0.386946
11 0.912740 0.377622 0.062827 0.177156
0 0.937173 0.243590 0.031414 0.151515
6 0.263525 0.635198 0.111693 0.086247
6 0.152705 0.586247 0.113438 0.104895
18 0.958115 0.311189 0.020942 0.114219