6 0.212281 0.569930 0.266667 0.221445
17 0.319298 0.705128 0.505263 0.379953
10 0.413158 0.573427 0.243860 0.144522
13 0.371053 0.426573 0.549123 0.233100
7 0.539474 0.249417 0.377193 0.172494
20 0.654386 0.157343 0.322807 0.048951
14 0.537719 0.480186 0.384211 0.372960
4 0.785965 0.382284 0.161404 0.452214
8 0.773684 0.252914 0.108772 0.170163
9 0.870175 0.326340 0.101754 0.331002
2 0.853509 0.222611 0.064912 0.109557
0 0.925439 0.324009 0.047368 0.163170
5 0.798246 0.583916 0.136842 0.132867
5 0.883333 0.491841 0.036842 0.051282
1 0.619298 0.698135 0.168421 0.347319
11 0.899123 0.466200 0.075439 0.172494
2 0.890351 0.209790 0.043860 0.065268