6 0.725217 0.628806 0.340870 0.124122
1 0.267826 0.755269 0.100870 0.358314
11 0.077391 0.451991 0.046957 0.140515
0 0.063478 0.312646 0.033043 0.245902
9 0.111304 0.279859 0.107826 0.391101
4 0.168696 0.343091 0.128696 0.517564
8 0.172174 0.195550 0.076522 0.166276
2 0.118261 0.180328 0.076522 0.135831
5 0.133043 0.546838 0.123478 0.245902
19 0.158261 0.296253 0.114783 0.100703
14 0.283478 0.494145 0.198261 0.426230
17 0.616522 0.761124 0.690435 0.430913
13 0.601739 0.476581 0.601739 0.316159
10 0.886087 0.495316 0.092174 0.199063
10 0.438261 0.559719 0.243478 0.243560
20 0.374783 0.103044 0.380870 0.070258
7 0.476522 0.222482 0.507826 0.229508