16 0.860303 0.648649 0.112516 0.131757
10 0.567004 0.467061 0.170670 0.157095
10 0.852718 0.384291 0.099874 0.116554
7 0.520860 0.235642 0.407080 0.224662
13 0.664981 0.432432 0.482933 0.270270
17 0.709229 0.647804 0.457649 0.407095
14 0.453224 0.491554 0.238938 0.381757
19 0.287611 0.322635 0.107459 0.074324
2 0.137168 0.215372 0.079646 0.150338
11 0.104298 0.508446 0.087231 0.168919
9 0.127054 0.335304 0.115044 0.400338
0 0.069532 0.358108 0.048040 0.168919
4 0.245891 0.386824 0.213654 0.540541
8 0.253477 0.228041 0.163085 0.185811
20 0.393173 0.111486 0.341340 0.047297
1 0.451960 0.739020 0.163085 0.309122
5 0.249052 0.614020 0.242731 0.187500
6 0.741466 0.592905 0.178255 0.077703
6 0.898230 0.516047 0.046776 0.109797