11 0.901685 0.456274 0.075843 0.171103
2 0.886938 0.180608 0.063202 0.121673
19 0.834972 0.286122 0.094101 0.104563
8 0.820225 0.205323 0.101124 0.182510
4 0.822331 0.376426 0.161517 0.547529
0 0.914326 0.356464 0.073034 0.271863
5 0.816011 0.572243 0.168539 0.197719
14 0.615169 0.484791 0.306180 0.353612
1 0.628511 0.726236 0.200843 0.368821
6 0.128511 0.625475 0.206461 0.357414
17 0.297051 0.711977 0.554775 0.496198
10 0.392556 0.585551 0.285112 0.133080
13 0.386938 0.390684 0.689607 0.309886
7 0.567416 0.198669 0.424157 0.211027
20 0.683989 0.096958 0.398876 0.045627