11 0.105563 0.507371 0.105563 0.223587
1 0.612696 0.755528 0.203994 0.336609
10 0.823823 0.551597 0.232525 0.135135
6 0.965050 0.604423 0.035663 0.117936
17 0.838088 0.649877 0.295292 0.420147
13 0.766049 0.417690 0.385164 0.275184
7 0.547076 0.226044 0.340942 0.250614
19 0.420827 0.320639 0.097004 0.095823
8 0.350927 0.221130 0.182596 0.221130
4 0.350927 0.409091 0.245364 0.626536
14 0.609843 0.561425 0.300999 0.375921
2 0.191155 0.186732 0.122682 0.167076
2 0.094864 0.164619 0.089872 0.113022
9 0.174037 0.341523 0.168331 0.511057
0 0.057775 0.286241 0.098431 0.218673
15 0.020685 0.251843 0.029957 0.076167
20 0.288873 0.089681 0.457917 0.066339
5 0.318830 0.644963 0.349501 0.243243
18 0.027817 0.415233 0.032810 0.162162