18 0.690608 0.736386 0.392265 0.373762
9 0.341160 0.530941 0.135359 0.433168
9 0.352210 0.222772 0.116022 0.193069
9 0.406768 0.221535 0.009669 0.190594
11 0.454420 0.818069 0.146409 0.358911
2 0.478591 0.233911 0.133978 0.205446
2 0.354972 0.233911 0.099448 0.195545
12 0.676796 0.247525 0.301105 0.183168
14 0.160912 0.382426 0.051105 0.131188
4 0.231354 0.486386 0.114641 0.358911
4 0.303177 0.225248 0.045580 0.193069
4 0.263122 0.195545 0.125691 0.133663
1 0.176105 0.556931 0.067680 0.207921
8 0.260359 0.228960 0.114641 0.175743
19 0.187845 0.301980 0.041436 0.089109
0 0.493094 0.545792 0.251381 0.448020
5 0.279696 0.691832 0.194751 0.205446
20 0.484116 0.117574 0.426796 0.076733
15 0.864641 0.402228 0.022099 0.101485
15 0.549033 0.461634 0.136740 0.146040
3 0.649171 0.159653 0.273481 0.111386
3 0.709254 0.508663 0.319061 0.403465
16 0.761050 0.594059 0.116022 0.099010
17 0.162983 0.490099 0.055249 0.193069