2 0.724030 0.225083 0.153942 0.270764
2 0.604506 0.210963 0.105131 0.232558
18 0.323529 0.772425 0.609512 0.342193
9 0.735920 0.395349 0.220275 0.657807
11 0.650814 0.818937 0.150188 0.345515
12 0.282854 0.216777 0.438048 0.290698
15 0.493116 0.509967 0.095119 0.279070
3 0.244681 0.559801 0.426783 0.448505
0 0.589487 0.535714 0.282854 0.433555
19 0.928035 0.260797 0.066333 0.069767
20 0.494994 0.065615 0.614518 0.068106
4 0.852315 0.340532 0.177722 0.518272
1 0.936796 0.507475 0.053817 0.181063
8 0.837922 0.209302 0.121402 0.209302
5 0.816646 0.649502 0.181477 0.239203
14 0.942428 0.372924 0.055069 0.174419