12 0.426316 0.208817 0.449123 0.232019
20 0.564035 0.074246 0.359649 0.078886
18 0.349123 0.628770 0.589474 0.496520
0 0.642982 0.454756 0.331579 0.412993
2 0.700877 0.204176 0.075439 0.088167
11 0.692982 0.647332 0.122807 0.343387
19 0.868421 0.125290 0.077193 0.074246
14 0.901754 0.235499 0.094737 0.234339
1 0.918421 0.294664 0.036842 0.125290
4 0.808772 0.285383 0.164912 0.450116
8 0.791228 0.150812 0.126316 0.180974
15 0.071930 0.423434 0.038596 0.090487
3 0.365789 0.285383 0.661404 0.375870