15 0.724034 0.489185 0.105072 0.186356
12 0.769324 0.257903 0.285024 0.226290
3 0.769928 0.346090 0.305556 0.469218
18 0.757850 0.643095 0.358696 0.417637
11 0.556763 0.775374 0.195652 0.302829
0 0.495773 0.548253 0.378019 0.420965
20 0.533816 0.118968 0.376812 0.038270
2 0.443237 0.252080 0.256039 0.214642
8 0.241546 0.256240 0.227053 0.199667
19 0.111111 0.323627 0.031401 0.048253
5 0.212560 0.635607 0.195652 0.116473
4 0.225242 0.409318 0.264493 0.525790
1 0.091787 0.552413 0.106280 0.173045
14 0.070048 0.454243 0.099034 0.249584
17 0.031401 0.513311 0.028986 0.118136
13 0.062802 0.338602 0.057971 0.028286