7 0.379658 0.250000 0.166149 0.139785
15 0.866460 0.380376 0.052795 0.083333
20 0.618012 0.180108 0.329193 0.059140
5 0.527950 0.614247 0.354037 0.024194
0 0.742236 0.455645 0.288820 0.303763
19 0.369565 0.354839 0.037267 0.075269
13 0.218168 0.360215 0.172360 0.112903
10 0.157609 0.431452 0.069876 0.094086
16 0.117236 0.512097 0.007764 0.034946
8 0.459627 0.287634 0.319876 0.188172
1 0.252329 0.600806 0.128882 0.201613
4 0.484472 0.395161 0.307453 0.430108
17 0.156056 0.540323 0.076087 0.188172
14 0.254658 0.473118 0.195652 0.301075
12 0.835404 0.259409 0.065217 0.110215
2 0.715062 0.268817 0.178571 0.134409
11 0.790373 0.606183 0.130435 0.217742
18 0.871118 0.513441 0.055901 0.204301
3 0.791149 0.197581 0.026398 0.051075