11 0.139370 0.536920 0.080315 0.175105
2 0.124409 0.248945 0.037795 0.092827
2 0.156693 0.265823 0.070866 0.151899
9 0.148031 0.366034 0.081890 0.369198
0 0.103937 0.380802 0.028346 0.141350
5 0.223622 0.609705 0.135433 0.130802
1 0.392126 0.766878 0.182677 0.360759
17 0.658268 0.675105 0.522835 0.409283
8 0.226772 0.284810 0.088189 0.194093
19 0.210236 0.342827 0.070866 0.073840
4 0.220472 0.410338 0.125984 0.466245
14 0.397638 0.506329 0.256693 0.312236
10 0.569291 0.573840 0.203150 0.135021
13 0.599213 0.428270 0.555906 0.206751
10 0.885827 0.465190 0.029921 0.082278
7 0.451969 0.265823 0.365354 0.181435
20 0.321260 0.177215 0.381102 0.033755
6 0.782677 0.535865 0.176378 0.151899