3 0.093711 0.116861 0.026415 0.023372
0 0.079874 0.330551 0.109434 0.267112
14 0.500000 0.482471 0.277987 0.323873
4 0.300629 0.375626 0.241509 0.500835
5 0.259119 0.556761 0.251572 0.198664
11 0.088679 0.419866 0.086792 0.168614
2 0.108805 0.174457 0.084277 0.098497
9 0.150943 0.309683 0.145912 0.372287
20 0.325786 0.126043 0.415094 0.061770
7 0.515094 0.250417 0.361006 0.190317
13 0.686164 0.402337 0.436478 0.196995
17 0.754088 0.638564 0.396226 0.395659
10 0.722013 0.577629 0.231447 0.150250
1 0.484906 0.690317 0.179874 0.285476
19 0.298742 0.305509 0.101887 0.070117
2 0.169182 0.196160 0.091824 0.121870
8 0.283019 0.227045 0.135849 0.176962
8 0.383648 0.316361 0.057862 0.118531