5 0.231539 0.667774 0.260325 0.189369
11 0.460576 0.787375 0.192741 0.308970
2 0.332916 0.257475 0.167710 0.186047
2 0.481852 0.246678 0.105131 0.161130
12 0.767209 0.285714 0.242804 0.215947
15 0.594493 0.508306 0.170213 0.255814
0 0.463079 0.529070 0.252816 0.370432
19 0.108260 0.351329 0.063830 0.044850
1 0.073217 0.551495 0.078849 0.182724
15 0.909887 0.476744 0.015019 0.129568
3 0.740926 0.416113 0.330413 0.523256
16 0.802879 0.532392 0.141427 0.117940
14 0.063204 0.450997 0.073842 0.147841
18 0.701502 0.680233 0.459324 0.333887
20 0.517522 0.147841 0.549437 0.043189
9 0.318523 0.430233 0.221527 0.554817
4 0.177096 0.405316 0.209011 0.488372
8 0.195870 0.267442 0.136421 0.176080