20 0.708968 0.209330 0.338409 0.074163
6 0.153130 0.525120 0.137056 0.136364
16 0.105753 0.620813 0.086294 0.131579
10 0.322335 0.545455 0.174281 0.162679
5 0.730118 0.681818 0.258883 0.167464
14 0.482234 0.580144 0.253807 0.375598
4 0.700508 0.465311 0.199662 0.519139
9 0.840102 0.427033 0.123519 0.433014
2 0.833333 0.297847 0.099831 0.155502
19 0.675973 0.370813 0.093063 0.076555
8 0.702200 0.306220 0.142132 0.177033
13 0.325719 0.356459 0.421320 0.148325
10 0.109983 0.443780 0.074450 0.126794
0 0.884941 0.467703 0.084602 0.284689
11 0.870558 0.614833 0.079526 0.162679
1 0.474619 0.806220 0.181049 0.282297
7 0.504230 0.285885 0.318105 0.203349
17 0.247885 0.668660 0.373942 0.428230