19 0.315476 0.332627 0.054762 0.097458
8 0.297619 0.324153 0.066667 0.080508
8 0.462500 0.253178 0.244048 0.201271
2 0.691667 0.240466 0.171429 0.180085
2 0.816071 0.242585 0.072619 0.154661
9 0.716071 0.406780 0.296429 0.533898
4 0.429762 0.412076 0.347619 0.544492
14 0.158333 0.505297 0.247619 0.362288
10 0.027381 0.485169 0.054762 0.101695
17 0.044048 0.622881 0.088095 0.224576
13 0.129762 0.384534 0.238095 0.120763
1 0.151190 0.653602 0.178571 0.290254
11 0.856548 0.663136 0.184524 0.296610
0 0.851786 0.489407 0.284524 0.381356
5 0.505952 0.691737 0.509524 0.044492
18 0.966071 0.557203 0.065476 0.262712
15 0.978571 0.384534 0.040476 0.086864