5 0.817944 0.581395 0.148084 0.158140
1 0.907666 0.456977 0.066202 0.155814
0 0.604530 0.466279 0.383275 0.360465
4 0.825784 0.387209 0.174216 0.369767
3 0.310105 0.362791 0.452962 0.204651
20 0.621080 0.179070 0.346690 0.055814
19 0.901568 0.308140 0.057491 0.044186
18 0.358014 0.637209 0.618467 0.483721
15 0.378049 0.524419 0.198606 0.165116
15 0.094077 0.393023 0.052265 0.111628
14 0.917247 0.396512 0.060976 0.174419
13 0.880662 0.297674 0.015679 0.018605
12 0.472125 0.245349 0.432056 0.151163
11 0.673345 0.689535 0.158537 0.323256
8 0.811847 0.268605 0.135889 0.123256
2 0.725610 0.280233 0.102787 0.104651