7 0.529589 0.249471 0.223430 0.190275
13 0.730676 0.386892 0.393720 0.202960
10 0.846618 0.513742 0.140097 0.109937
17 0.845411 0.607822 0.200483 0.319239
14 0.672705 0.503171 0.335749 0.321353
1 0.684783 0.664905 0.178744 0.285412
20 0.401570 0.149049 0.221014 0.040169
19 0.436594 0.318182 0.059179 0.057082
8 0.383454 0.252643 0.143720 0.171247
2 0.225242 0.238901 0.143720 0.147992
4 0.408213 0.402748 0.222222 0.484144
9 0.228261 0.368922 0.157005 0.420719
5 0.378019 0.625793 0.396135 0.181818
0 0.121981 0.400634 0.159420 0.268499
15 0.052536 0.331924 0.027778 0.059197
18 0.068237 0.452431 0.064010 0.190275
11 0.139493 0.543340 0.092995 0.202960
3 0.077899 0.281184 0.066425 0.046512