1 0.408228 0.608051 0.117089 0.275424
10 0.569620 0.539195 0.113924 0.091102
6 0.762658 0.489407 0.224684 0.152542
17 0.670095 0.610169 0.454114 0.292373
14 0.429589 0.448093 0.302215 0.269068
5 0.267405 0.529661 0.167722 0.177966
11 0.170886 0.415254 0.072785 0.156780
4 0.231013 0.349576 0.129747 0.351695
8 0.234177 0.225636 0.075949 0.086864
19 0.242880 0.278602 0.077532 0.052966
13 0.606013 0.386653 0.547468 0.226695
7 0.444620 0.242585 0.325949 0.146186
20 0.382911 0.163136 0.250000 0.029661
2 0.178006 0.222458 0.030063 0.059322
0 0.151899 0.336864 0.069620 0.203390
3 0.141614 0.233051 0.042722 0.029661