20 0.438776 0.194336 0.453061 0.056641
16 0.207483 0.657227 0.115646 0.115234
18 0.315646 0.672852 0.427211 0.326172
3 0.276190 0.415039 0.307483 0.419922
15 0.408163 0.529297 0.111565 0.132812
15 0.127211 0.433594 0.023129 0.109375
12 0.261905 0.331055 0.268027 0.216797
5 0.723810 0.646484 0.236735 0.187500
4 0.741497 0.418945 0.231293 0.455078
0 0.527211 0.554688 0.344218 0.296875
14 0.871429 0.450195 0.072109 0.205078
19 0.850340 0.337891 0.035374 0.042969
1 0.867347 0.534180 0.058503 0.166016
11 0.529252 0.769531 0.141497 0.281250
2 0.582993 0.307617 0.202721 0.201172
8 0.738095 0.294922 0.189116 0.171875