6 0.829247 0.498834 0.215412 0.177156
13 0.591068 0.320513 0.670753 0.296037
10 0.546410 0.525641 0.332750 0.156177
1 0.311734 0.689977 0.133100 0.377622
11 0.082312 0.400932 0.059545 0.153846
10 0.943958 0.393939 0.038529 0.149184
17 0.635727 0.657343 0.690018 0.526807
7 0.413310 0.137529 0.423818 0.191142
14 0.345009 0.430070 0.315236 0.473193
8 0.155867 0.142191 0.087566 0.177156
2 0.102452 0.122378 0.050788 0.132867
19 0.613835 0.148019 0.036778 0.048951
20 0.314361 0.038462 0.313485 0.034965
4 0.147110 0.311189 0.115587 0.524476
5 0.159370 0.529138 0.112084 0.167832
9 0.085814 0.241259 0.094571 0.384615
0 0.056042 0.191142 0.031524 0.079254