15 0.373030 0.450935 0.336252 0.163551
12 0.407180 0.195093 0.450088 0.184579
11 0.631349 0.697430 0.173380 0.334112
18 0.342382 0.612150 0.611208 0.443925
2 0.747811 0.200935 0.154116 0.154206
8 0.854641 0.197430 0.101576 0.147196
19 0.923818 0.250000 0.040280 0.056075
1 0.917688 0.438084 0.066550 0.170561
3 0.267075 0.408879 0.429072 0.359813
20 0.565674 0.095794 0.367776 0.028037
9 0.758319 0.372664 0.196147 0.521028
4 0.862522 0.321262 0.148862 0.418224
0 0.548161 0.447430 0.395797 0.404206
5 0.812609 0.571262 0.182137 0.184579
14 0.951839 0.327103 0.050788 0.135514