5 0.698297 0.708251 0.218978 0.135560
0 0.873479 0.466601 0.153285 0.367387
2 0.851582 0.255403 0.080292 0.176817
11 0.886861 0.592338 0.092457 0.186640
4 0.713504 0.449902 0.251825 0.612967
14 0.429440 0.589391 0.343066 0.451866
8 0.732360 0.268173 0.155718 0.194499
8 0.581509 0.343811 0.121655 0.204322
20 0.680049 0.133595 0.411192 0.066798
19 0.690389 0.366405 0.103406 0.088409
13 0.254866 0.444008 0.402676 0.271120
10 0.198905 0.627701 0.198297 0.119843
17 0.223236 0.704322 0.363747 0.489194
6 0.065693 0.595285 0.048662 0.153242
1 0.436131 0.814342 0.188564 0.328094
7 0.448297 0.273084 0.409976 0.298625