6 0.824487 0.634078 0.211098 0.191806
16 0.852232 0.752328 0.121834 0.141527
10 0.600121 0.531657 0.237636 0.173184
10 0.875151 0.436685 0.054282 0.106145
17 0.691797 0.654562 0.478890 0.433892
1 0.447527 0.718808 0.139928 0.316574
14 0.433655 0.489758 0.172497 0.353818
13 0.651990 0.406890 0.457177 0.217877
7 0.526538 0.240223 0.377563 0.189944
19 0.311821 0.338920 0.080820 0.096834
8 0.325694 0.272812 0.139928 0.236499
2 0.226176 0.223464 0.061520 0.134078
11 0.190591 0.495345 0.062726 0.175047
5 0.288299 0.587523 0.156815 0.173184
4 0.300965 0.388268 0.119421 0.497207
9 0.220145 0.337989 0.090470 0.396648
20 0.430036 0.139665 0.266586 0.033520
0 0.185163 0.377095 0.061520 0.258845