13 0.659613 0.383503 0.559855 0.226190
2 0.134220 0.180272 0.113664 0.146259
8 0.271463 0.215986 0.187424 0.214286
19 0.278114 0.283163 0.130593 0.096939
0 0.064692 0.286565 0.049577 0.175170
9 0.137243 0.295068 0.124547 0.386054
4 0.255139 0.374150 0.181378 0.547619
11 0.093108 0.465136 0.077388 0.192177
1 0.468561 0.761905 0.204353 0.353741
5 0.226723 0.582483 0.230955 0.229592
7 0.490326 0.209184 0.388150 0.214286
6 0.900242 0.558673 0.136638 0.202381
17 0.780532 0.666667 0.380895 0.540816
14 0.506046 0.601190 0.356711 0.535714
20 0.360339 0.095238 0.261185 0.020408