1 0.433282 0.617312 0.182515 0.282460
16 0.106595 0.526196 0.041411 0.127563
17 0.240031 0.588838 0.311350 0.353075
7 0.490031 0.214123 0.314417 0.186788
14 0.434049 0.461276 0.263804 0.330296
20 0.665644 0.119590 0.358896 0.052392
4 0.665644 0.366743 0.245399 0.487472
19 0.625767 0.309795 0.107362 0.077449
8 0.683282 0.223235 0.161043 0.168565
5 0.697853 0.568337 0.346626 0.161731
2 0.841258 0.212984 0.127301 0.134396
9 0.840491 0.328018 0.150307 0.405467
11 0.896472 0.480638 0.099693 0.177677
0 0.906442 0.370159 0.113497 0.248292
10 0.263804 0.496583 0.180982 0.109339
10 0.115798 0.406606 0.019939 0.061503
13 0.317485 0.354214 0.395706 0.234624