16 0.166035 0.507576 0.104798 0.132997
15 0.358586 0.500842 0.290404 0.132997
15 0.089646 0.406566 0.017677 0.048822
12 0.253788 0.311448 0.313131 0.242424
3 0.237374 0.482323 0.313131 0.331650
18 0.303662 0.676768 0.450758 0.441077
11 0.556187 0.758418 0.162879 0.294613
0 0.520202 0.535354 0.325758 0.319865
2 0.525884 0.257576 0.066919 0.097643
2 0.653409 0.243266 0.157828 0.173401
9 0.672348 0.400673 0.226010 0.515152
8 0.865530 0.252525 0.031566 0.060606
8 0.792298 0.237374 0.114899 0.151515
19 0.867424 0.307239 0.037879 0.052189
4 0.804293 0.354377 0.171717 0.419192
14 0.904672 0.374579 0.061869 0.190236
11 0.902778 0.437710 0.063131 0.158249
5 0.762626 0.591751 0.224747 0.234007
20 0.496843 0.167508 0.539141 0.146465
3 0.304293 0.267677 0.318182 0.245791
13 0.897727 0.268519 0.032828 0.028620