15 0.080918 0.370117 0.072464 0.064453
10 0.853865 0.425781 0.103865 0.078125
8 0.525966 0.290039 0.192029 0.146484
2 0.332126 0.276367 0.159420 0.119141
19 0.636473 0.340820 0.028986 0.060547
14 0.766304 0.450195 0.206522 0.279297
4 0.546498 0.396484 0.259662 0.382812
9 0.320652 0.390625 0.240338 0.371094
18 0.096618 0.495117 0.118357 0.193359
3 0.094807 0.293945 0.083333 0.033203
0 0.184179 0.419922 0.264493 0.265625
5 0.480072 0.582031 0.404589 0.058594
2 0.214976 0.281250 0.094203 0.089844
11 0.213164 0.571289 0.136473 0.185547
1 0.748188 0.558594 0.129227 0.175781
17 0.875000 0.537109 0.071256 0.148438
7 0.633454 0.265625 0.158213 0.128906
20 0.411836 0.205078 0.297101 0.066406
13 0.797705 0.357422 0.199275 0.128906