19 0.827882 0.351230 0.042056 0.053691
1 0.890966 0.557047 0.077882 0.170022
11 0.399533 0.786353 0.207165 0.319911
3 0.189252 0.403803 0.300623 0.382550
15 0.046729 0.445190 0.018692 0.102908
15 0.172118 0.494407 0.182243 0.120805
16 0.052181 0.648770 0.029595 0.085011
18 0.204050 0.695749 0.355140 0.366890
12 0.196262 0.306488 0.249221 0.161074
2 0.507009 0.293065 0.238318 0.147651
9 0.535826 0.463087 0.311526 0.510067
8 0.711838 0.295302 0.193146 0.152125
4 0.724299 0.441834 0.261682 0.458613
14 0.887850 0.484340 0.102804 0.243848
5 0.672897 0.687919 0.336449 0.181208
0 0.367601 0.538031 0.383178 0.378076
20 0.423676 0.209172 0.348910 0.033557