7 0.444094 0.240084 0.387402 0.187891
20 0.349606 0.138831 0.274016 0.027140
13 0.606299 0.434238 0.595276 0.288100
6 0.831496 0.625261 0.173228 0.298539
8 0.209449 0.218163 0.094488 0.139875
2 0.137795 0.209812 0.080315 0.123173
19 0.216535 0.297495 0.099213 0.077244
9 0.133071 0.324635 0.102362 0.373695
4 0.203937 0.386221 0.137008 0.492693
14 0.397638 0.521921 0.288189 0.371608
17 0.655118 0.711900 0.500787 0.271399
1 0.369291 0.680585 0.155906 0.325678
11 0.107874 0.439457 0.074016 0.160752
0 0.079528 0.325678 0.033071 0.175365
10 0.596850 0.593946 0.242520 0.110647
19 0.608661 0.246347 0.029921 0.025052