10 0.457614 0.568277 0.218210 0.128151
10 0.933281 0.482143 0.026688 0.107143
9 0.136578 0.267857 0.097331 0.376050
11 0.117739 0.427521 0.056515 0.178571
17 0.619309 0.683824 0.692308 0.409664
4 0.169545 0.299370 0.087912 0.434874
7 0.445055 0.195378 0.434851 0.201681
13 0.587912 0.406513 0.673469 0.292017
14 0.284929 0.452731 0.199372 0.304622
5 0.172684 0.529412 0.097331 0.168067
20 0.388540 0.069328 0.312402 0.067227
6 0.745683 0.570378 0.310832 0.199580
19 0.155416 0.240546 0.087912 0.073529
19 0.647567 0.211134 0.039246 0.052521
1 0.284929 0.756303 0.133438 0.365546
8 0.180534 0.169118 0.037677 0.144958
2 0.149922 0.149160 0.058085 0.113445