7 0.557692 0.245305 0.419580 0.241784
20 0.653846 0.130282 0.346154 0.068075
5 0.784965 0.536385 0.164336 0.241784
14 0.613636 0.518779 0.269231 0.333333
0 0.910839 0.289906 0.020979 0.133803
19 0.789336 0.334507 0.113636 0.091549
19 0.381993 0.221831 0.033217 0.039906
13 0.416958 0.436620 0.599650 0.352113
10 0.106643 0.474178 0.031469 0.131455
10 0.455420 0.657277 0.274476 0.122066
6 0.247378 0.566901 0.263986 0.223005
8 0.795455 0.234742 0.076923 0.164319
1 0.638986 0.713615 0.138112 0.295775
4 0.781469 0.381455 0.139860 0.490610
17 0.351399 0.696009 0.587413 0.438967
2 0.863636 0.218310 0.066434 0.140845
11 0.859266 0.429577 0.068182 0.145540
9 0.865385 0.292254 0.087413 0.316901