9 0.076138 0.435811 0.127159 0.430180
11 0.024333 0.621622 0.023548 0.130631
2 0.069859 0.293919 0.114600 0.128378
14 0.409733 0.530405 0.260597 0.430180
17 0.667190 0.675676 0.486656 0.400901
4 0.197017 0.471847 0.208791 0.524775
1 0.425432 0.771396 0.175824 0.349099
8 0.191523 0.297297 0.128728 0.153153
6 0.822606 0.718468 0.131868 0.153153
10 0.652276 0.538288 0.312402 0.148649
13 0.620879 0.458333 0.547881 0.250000
19 0.221350 0.353604 0.128728 0.085586
20 0.310047 0.200450 0.177394 0.018018
5 0.172684 0.639640 0.320251 0.256757
7 0.410518 0.280405 0.362637 0.155405