6 0.176471 0.512739 0.184420 0.197452
9 0.882353 0.365180 0.120827 0.403397
11 0.910970 0.505308 0.082671 0.182590
2 0.912560 0.239915 0.038156 0.080679
2 0.860890 0.239915 0.068362 0.140127
14 0.527822 0.478769 0.365660 0.380042
17 0.306041 0.666667 0.443561 0.352442
4 0.768680 0.407643 0.144674 0.505308
1 0.578696 0.718684 0.162162 0.346072
8 0.774245 0.239915 0.095390 0.144374
10 0.386328 0.518047 0.276630 0.131635
13 0.363275 0.391720 0.507154 0.188960
19 0.750397 0.318471 0.092210 0.093418
0 0.952305 0.339703 0.028617 0.101911
5 0.793323 0.609342 0.209857 0.165605
18 0.961844 0.426752 0.012719 0.072187
20 0.624006 0.154989 0.268680 0.029724
16 0.670906 0.188960 0.085851 0.025478
7 0.533386 0.247346 0.386328 0.171975