13 0.444930 0.429907 0.554196 0.275701
17 0.388986 0.634346 0.526224 0.320093
10 0.167832 0.457944 0.031469 0.098131
10 0.461538 0.539720 0.227273 0.107477
6 0.266608 0.492991 0.180070 0.116822
7 0.590035 0.226636 0.354895 0.168224
1 0.669580 0.648364 0.125874 0.310748
11 0.910839 0.397196 0.034965 0.140187
18 0.936189 0.325935 0.015734 0.072430
5 0.814685 0.524533 0.157343 0.217290
0 0.925699 0.265187 0.033217 0.091121
9 0.877622 0.293224 0.104895 0.338785
4 0.810315 0.341121 0.134615 0.429907
14 0.649476 0.446262 0.253497 0.280374
19 0.428322 0.257009 0.031469 0.032710
19 0.819056 0.272196 0.096154 0.067757
8 0.814685 0.197430 0.066434 0.123832
2 0.868007 0.193925 0.071678 0.116822
20 0.680070 0.133178 0.293706 0.042056