7 0.439791 0.212617 0.380454 0.163551
20 0.342059 0.128505 0.254799 0.028037
13 0.620419 0.360981 0.553229 0.235981
10 0.623909 0.495327 0.305410 0.149533
17 0.671030 0.654206 0.500873 0.303738
6 0.819372 0.581776 0.225131 0.355140
1 0.393543 0.616822 0.141361 0.289720
14 0.408377 0.436916 0.251309 0.299065
4 0.218150 0.366822 0.164049 0.471963
8 0.225131 0.234813 0.136126 0.189252
19 0.236475 0.288551 0.109948 0.067757
2 0.118674 0.209112 0.101222 0.133178
9 0.112565 0.316589 0.123909 0.371495
11 0.081152 0.442757 0.047120 0.142523
0 0.046248 0.337617 0.029668 0.184579
5 0.212042 0.553738 0.218150 0.163551
15 0.029668 0.287383 0.006981 0.037383