2 0.136760 0.172093 0.071429 0.134884
1 0.378920 0.633721 0.151568 0.309302
0 0.085366 0.296512 0.031359 0.193023
6 0.800523 0.497674 0.210801 0.195349
4 0.202091 0.323256 0.128920 0.460465
5 0.205575 0.502326 0.156794 0.176744
20 0.344077 0.086047 0.304878 0.041860
19 0.199477 0.265116 0.109756 0.065116
17 0.644599 0.596512 0.616725 0.444186
16 0.859756 0.598837 0.088850 0.109302
14 0.363240 0.438372 0.231707 0.313953
13 0.608885 0.367442 0.597561 0.274419
11 0.119338 0.393023 0.067944 0.158140
10 0.561847 0.530233 0.238676 0.144186
9 0.130662 0.272093 0.083624 0.334884
8 0.209059 0.200000 0.094077 0.195349
7 0.435540 0.190698 0.400697 0.204651
19 0.614111 0.191860 0.022648 0.025581