7 0.435791 0.192913 0.346017 0.236220
15 0.950059 0.275591 0.021403 0.055118
20 0.663496 0.088583 0.420927 0.070866
5 0.664685 0.657480 0.378121 0.220472
0 0.906659 0.384843 0.105826 0.305118
19 0.587396 0.329724 0.116528 0.124016
13 0.212842 0.338583 0.363853 0.220472
10 0.116528 0.580709 0.078478 0.098425
10 0.153983 0.461614 0.136742 0.045276
8 0.653389 0.207677 0.151011 0.206693
8 0.532105 0.260827 0.077289 0.155512
1 0.348395 0.759843 0.216409 0.350394
4 0.621879 0.410433 0.271106 0.635827
17 0.148038 0.640748 0.286564 0.490157
14 0.362663 0.523622 0.282996 0.433071
2 0.876932 0.186024 0.013080 0.080709
2 0.813912 0.190945 0.117717 0.173228
11 0.890012 0.526575 0.098692 0.230315
9 0.819857 0.354331 0.160523 0.523622
18 0.954221 0.428150 0.020214 0.187008
6 0.057669 0.437992 0.065398 0.116142