9 0.152098 0.362353 0.101399 0.371765
11 0.122378 0.501176 0.073427 0.160000
2 0.152972 0.250588 0.078671 0.115294
14 0.364510 0.529412 0.169580 0.296471
17 0.632867 0.634118 0.506993 0.355294
4 0.224650 0.411765 0.141608 0.470588
1 0.386364 0.710588 0.153846 0.315294
8 0.256119 0.284706 0.148601 0.188235
6 0.784091 0.590588 0.197552 0.178824
10 0.541958 0.487059 0.286713 0.155294
0 0.107517 0.403529 0.061189 0.256471
13 0.570804 0.401176 0.480769 0.214118
19 0.229021 0.361176 0.097902 0.110588
5 0.208916 0.589412 0.155594 0.138824
20 0.347902 0.172941 0.248252 0.025882
7 0.451049 0.254118 0.377622 0.155294