18 0.956085 0.433222 0.012547 0.068447
11 0.903388 0.520868 0.097867 0.190317
0 0.883940 0.379800 0.151819 0.405676
5 0.729611 0.648581 0.284818 0.212020
15 0.942911 0.287145 0.018821 0.083472
2 0.847553 0.210351 0.116688 0.173623
4 0.726474 0.414023 0.245922 0.597663
20 0.602886 0.123539 0.370138 0.043406
7 0.452321 0.244574 0.405270 0.212020
19 0.657465 0.363105 0.097867 0.068447
14 0.513802 0.540902 0.199498 0.373957
13 0.296738 0.461603 0.457967 0.308848
17 0.264115 0.732053 0.473024 0.355593
6 0.135508 0.591820 0.158093 0.178631
10 0.055207 0.548414 0.025094 0.098497
10 0.340652 0.602671 0.257215 0.140234
1 0.486198 0.773790 0.196989 0.328881
16 0.104768 0.709516 0.096612 0.133556
8 0.718946 0.235392 0.183187 0.210351