2 0.711950 0.237062 0.108176 0.160267
8 0.790566 0.213689 0.106918 0.120200
19 0.867296 0.249583 0.046541 0.051753
11 0.654088 0.650250 0.123270 0.285476
1 0.888679 0.380634 0.044025 0.146912
20 0.531447 0.158598 0.335849 0.060100
12 0.406918 0.267112 0.373585 0.166945
3 0.293082 0.479967 0.412579 0.335559
18 0.352201 0.660267 0.540881 0.352254
15 0.432704 0.535893 0.155975 0.106845
2 0.637736 0.275459 0.035220 0.133556
0 0.559119 0.494157 0.376101 0.327212
5 0.799371 0.515025 0.144654 0.168614
4 0.806289 0.325543 0.155975 0.360601
9 0.730818 0.359766 0.163522 0.419032
16 0.189937 0.533389 0.120755 0.118531
15 0.311321 0.545075 0.109434 0.078464
15 0.098113 0.449082 0.025157 0.056761
14 0.897484 0.325543 0.036478 0.133556