5 0.291195 0.653589 0.250314 0.335559
0 0.137107 0.304674 0.075472 0.372287
2 0.167296 0.067613 0.045283 0.135225
9 0.189937 0.288815 0.133333 0.577629
4 0.337736 0.394825 0.270440 0.786311
14 0.602516 0.528381 0.407547 0.565943
17 0.803774 0.868114 0.389937 0.260434
11 0.157862 0.457429 0.089308 0.220367
7 0.728302 0.155259 0.540881 0.300501
13 0.810063 0.439900 0.374843 0.315526
1 0.557862 0.848915 0.225157 0.298831
10 0.867296 0.735392 0.262893 0.482471
2 0.204403 0.092654 0.096855 0.181970
8 0.427673 0.180301 0.077987 0.293823
8 0.319497 0.106010 0.145912 0.212020
19 0.323899 0.221202 0.096855 0.305509