12 0.213750 0.456053 0.260000 0.305141
15 0.383750 0.540630 0.097500 0.454395
18 0.330000 0.757048 0.545000 0.373134
20 0.443125 0.294362 0.633750 0.094527
0 0.553750 0.616915 0.297500 0.275290
2 0.537500 0.431177 0.237500 0.218905
8 0.800000 0.364013 0.140000 0.134328
9 0.722500 0.508292 0.172500 0.419569
14 0.903125 0.485075 0.051250 0.147595
19 0.883125 0.401327 0.031250 0.033167
11 0.610625 0.791045 0.153750 0.278607
1 0.895000 0.529851 0.057500 0.137645
4 0.810625 0.465174 0.151250 0.333333
2 0.708125 0.383085 0.166250 0.172471
16 0.191875 0.615257 0.103750 0.132670
3 0.213750 0.644279 0.260000 0.323383
5 0.787500 0.651741 0.170000 0.172471