11 0.634146 0.769321 0.149826 0.292740
9 0.727352 0.487119 0.148084 0.416862
18 0.387631 0.663934 0.482578 0.419204
12 0.405052 0.348946 0.325784 0.103044
14 0.881533 0.491803 0.062718 0.182670
4 0.804007 0.449649 0.134146 0.346604
1 0.886760 0.559719 0.073171 0.149883
0 0.566202 0.530445 0.320557 0.344262
5 0.786585 0.665105 0.158537 0.168618
20 0.555749 0.275176 0.271777 0.044496
15 0.442509 0.515222 0.222997 0.117096
3 0.381533 0.386417 0.407666 0.206089
2 0.626307 0.370023 0.047038 0.107728
2 0.675087 0.365340 0.029617 0.088993
2 0.713415 0.348946 0.095819 0.121780
8 0.791812 0.350117 0.092334 0.119438
19 0.837979 0.387588 0.024390 0.053864