5 0.704289 0.676415 0.275395 0.228302
2 0.459368 0.286792 0.056433 0.184906
20 0.519187 0.161321 0.437923 0.062264
0 0.163657 0.317925 0.090293 0.171698
0 0.449774 0.565094 0.290068 0.379245
11 0.466704 0.809434 0.179458 0.343396
16 0.151242 0.724528 0.069977 0.124528
18 0.266930 0.733019 0.335214 0.409434
15 0.316591 0.544340 0.127540 0.171698
3 0.255079 0.416038 0.273138 0.500000
12 0.253950 0.337736 0.243792 0.200000
13 0.875847 0.316981 0.045147 0.033962
1 0.862302 0.534906 0.092551 0.201887
14 0.871332 0.434906 0.085779 0.262264
19 0.831264 0.305660 0.046275 0.052830
4 0.739842 0.411321 0.206546 0.505660
9 0.597630 0.449057 0.217833 0.573585
2 0.576185 0.269811 0.150113 0.200000
8 0.728555 0.255660 0.150113 0.171698