10 0.606830 0.451049 0.197898 0.151515
6 0.774956 0.506993 0.190893 0.132867
19 0.366900 0.337995 0.089317 0.083916
13 0.661121 0.406760 0.383538 0.123543
1 0.465849 0.641026 0.136602 0.265734
11 0.231173 0.470862 0.066550 0.158508
7 0.551664 0.279720 0.315236 0.135198
17 0.692644 0.608392 0.401051 0.284382
14 0.466725 0.454545 0.166375 0.256410
5 0.318739 0.555944 0.164623 0.170163
8 0.366025 0.282051 0.122592 0.149184
2 0.274081 0.258741 0.096322 0.102564
15 0.204904 0.301865 0.007005 0.030303
20 0.456217 0.203963 0.274956 0.053613
4 0.353765 0.385781 0.147110 0.370629
9 0.272329 0.351981 0.106830 0.303030
0 0.209282 0.364802 0.036778 0.184149