10 0.601415 0.525210 0.114780 0.159664
10 0.908805 0.465336 0.028302 0.098739
11 0.114780 0.577731 0.056604 0.201681
1 0.450472 0.721639 0.209119 0.346639
2 0.109277 0.265756 0.051887 0.132353
2 0.176101 0.256303 0.053459 0.159664
19 0.288522 0.334034 0.058176 0.100840
4 0.267296 0.398109 0.128931 0.518908
9 0.176101 0.380252 0.084906 0.449580
5 0.242925 0.639706 0.202830 0.128151
6 0.764151 0.501050 0.264151 0.191176
16 0.791667 0.657563 0.130503 0.096639
1 0.847484 0.721639 0.094340 0.094538
17 0.731918 0.649160 0.432390 0.231092
14 0.480346 0.565126 0.328616 0.352941
13 0.607704 0.380252 0.542453 0.105042
7 0.483491 0.228992 0.344340 0.159664
20 0.338836 0.143908 0.514151 0.077731
0 0.122642 0.462185 0.113208 0.243697
14 0.909591 0.512605 0.036164 0.071429
14 0.900943 0.407563 0.044025 0.033613
18 0.075472 0.521008 0.022013 0.058824