0 0.072433 0.319264 0.066104 0.261905
2 0.165260 0.182900 0.105485 0.170996
9 0.153305 0.324675 0.151899 0.476190
11 0.098453 0.469697 0.095640 0.203463
5 0.274965 0.624459 0.296765 0.227273
8 0.377637 0.273810 0.049226 0.123377
8 0.286217 0.199134 0.122363 0.194805
4 0.305204 0.392857 0.216596 0.603896
13 0.706751 0.437229 0.420534 0.380952
10 0.685654 0.543290 0.209564 0.242424
10 0.914909 0.463203 0.021097 0.108225
6 0.872714 0.646104 0.158931 0.270563
17 0.737693 0.746753 0.341772 0.316017
14 0.504923 0.509740 0.219409 0.413420
7 0.533755 0.206710 0.398031 0.253247
20 0.326301 0.081169 0.396624 0.054113
1 0.521097 0.759740 0.178622 0.333333
19 0.334037 0.330087 0.130802 0.101732