7 0.459843 0.217573 0.368504 0.179916
19 0.217323 0.285565 0.107087 0.098326
19 0.648031 0.275105 0.058268 0.052301
8 0.226772 0.222803 0.088189 0.152720
2 0.153543 0.216527 0.074016 0.131799
12 0.108661 0.216527 0.056693 0.115063
10 0.611811 0.528243 0.203150 0.148536
6 0.807087 0.530335 0.234646 0.211297
17 0.687402 0.708159 0.540157 0.407950
13 0.622835 0.380753 0.596850 0.154812
14 0.421260 0.462343 0.307087 0.359833
4 0.220472 0.372385 0.135433 0.489540
9 0.138583 0.328452 0.116535 0.393305
5 0.203150 0.599372 0.170079 0.202929
1 0.393701 0.750000 0.188976 0.391213
11 0.109449 0.498954 0.070866 0.194561
0 0.084252 0.356695 0.039370 0.182008