18 0.275373 0.719780 0.505970 0.419780
3 0.224627 0.403297 0.380597 0.621978
15 0.375373 0.516484 0.147761 0.189011
12 0.233582 0.257143 0.338806 0.246154
20 0.480597 0.098901 0.534328 0.074725
9 0.677612 0.381319 0.220896 0.560440
2 0.669403 0.224176 0.144776 0.193407
2 0.527612 0.241758 0.091045 0.171429
11 0.549254 0.790110 0.194030 0.380220
0 0.491791 0.534066 0.329851 0.408791
5 0.777612 0.612088 0.238806 0.226374
4 0.819403 0.346154 0.191045 0.490110
14 0.929104 0.409890 0.082090 0.279121
19 0.915672 0.272527 0.055224 0.070330
1 0.905970 0.507692 0.092537 0.210989
8 0.808209 0.216484 0.129851 0.182418
16 0.110448 0.519780 0.098507 0.129670
15 0.270896 0.534066 0.100000 0.136264