8 0.192913 0.238994 0.096063 0.134172
7 0.411811 0.243187 0.344882 0.159329
19 0.180315 0.278826 0.067717 0.050314
1 0.348031 0.683438 0.132283 0.335430
11 0.117323 0.429769 0.051969 0.142558
10 0.546457 0.572327 0.176378 0.083857
13 0.575591 0.389937 0.590551 0.259958
20 0.354331 0.156184 0.296063 0.031447
17 0.648819 0.649895 0.576378 0.394130
5 0.208661 0.552411 0.133858 0.174004
14 0.382677 0.466457 0.321260 0.295597
6 0.775591 0.557652 0.218898 0.129979
2 0.136220 0.220126 0.020472 0.046122
4 0.177953 0.366876 0.125984 0.402516
0 0.116535 0.348008 0.062992 0.222222