16 0.245810 0.621250 0.100559 0.102500
6 0.258380 0.591250 0.153631 0.172500
10 0.447626 0.450000 0.124302 0.075000
13 0.396648 0.395000 0.391061 0.190000
10 0.210196 0.398750 0.006983 0.032500
17 0.364525 0.627500 0.388268 0.440000
1 0.570531 0.728750 0.113128 0.312500
14 0.577514 0.526250 0.146648 0.347500
7 0.494413 0.238750 0.329609 0.202500
19 0.692039 0.323750 0.065642 0.112500
8 0.616620 0.322500 0.020950 0.050000
8 0.645950 0.268750 0.032123 0.132500
8 0.700419 0.223750 0.076816 0.152500
4 0.694832 0.415000 0.135475 0.555000
2 0.776536 0.218750 0.064246 0.142500
2 0.814944 0.237500 0.009777 0.055000
15 0.855447 0.298750 0.018156 0.057500
11 0.821927 0.528750 0.068436 0.197500
9 0.788408 0.362500 0.101955 0.450000
0 0.837291 0.370000 0.054469 0.230000
5 0.726955 0.605000 0.182961 0.240000
20 0.635475 0.117500 0.335196 0.050000
10 0.428073 0.593750 0.085196 0.107500