1 0.436953 0.717949 0.124343 0.270396
10 0.652364 0.623543 0.264448 0.123543
6 0.817863 0.590909 0.154116 0.123543
10 0.902802 0.525641 0.033275 0.128205
17 0.703152 0.715618 0.474606 0.340326
19 0.296848 0.367133 0.092820 0.076923
13 0.642732 0.495338 0.528897 0.319347
19 0.649737 0.314685 0.024518 0.037296
14 0.459720 0.539627 0.239930 0.305361
20 0.373905 0.202797 0.345009 0.046620
7 0.492995 0.311189 0.359019 0.188811
8 0.274081 0.286713 0.096322 0.158508
2 0.202277 0.265734 0.092820 0.125874
11 0.168126 0.476690 0.070053 0.142191
4 0.276708 0.428904 0.136602 0.461538
5 0.254816 0.574592 0.173380 0.198135
9 0.194396 0.365967 0.115587 0.340326
0 0.132224 0.347319 0.050788 0.149184
18 0.119089 0.399767 0.024518 0.090909