1 0.806410 0.465116 0.061538 0.177590
11 0.494231 0.676533 0.147436 0.291755
15 0.356410 0.415433 0.143590 0.112051
15 0.157692 0.362579 0.010256 0.069767
19 0.782051 0.261099 0.033333 0.048626
3 0.291667 0.347780 0.275641 0.454545
12 0.292308 0.237844 0.228205 0.158562
18 0.310897 0.609937 0.332051 0.293869
0 0.500000 0.472516 0.200000 0.323467
5 0.679487 0.588795 0.217949 0.175476
20 0.495513 0.119450 0.393590 0.044397
4 0.707692 0.347780 0.164103 0.441860
8 0.696795 0.212474 0.119231 0.150106
2 0.521154 0.226216 0.062821 0.152220
2 0.587821 0.214588 0.124359 0.162791
9 0.583974 0.373150 0.203846 0.496829
14 0.807051 0.389006 0.070513 0.228330
16 0.217308 0.447146 0.080769 0.095137