10 0.517134 0.481061 0.236760 0.123737
16 0.789720 0.571970 0.127726 0.164141
6 0.740654 0.441919 0.213396 0.191919
13 0.539720 0.339646 0.568536 0.199495
17 0.597352 0.617424 0.524922 0.396465
14 0.336449 0.474747 0.271028 0.383838
7 0.394081 0.195707 0.352025 0.189394
1 0.309969 0.666667 0.149533 0.398990
19 0.183022 0.248737 0.073209 0.078283
11 0.092679 0.488636 0.054517 0.189394
8 0.176012 0.200758 0.084112 0.138889
2 0.131620 0.212121 0.042056 0.111111
4 0.161215 0.375000 0.116822 0.492424
5 0.159657 0.564394 0.126168 0.164141
0 0.097352 0.381313 0.070093 0.232323