7 0.568616 0.286381 0.292363 0.184701
20 0.437947 0.180970 0.210024 0.044776
11 0.139021 0.535448 0.096659 0.190299
1 0.621122 0.737873 0.187351 0.292910
17 0.825179 0.751866 0.280430 0.354478
13 0.743437 0.419776 0.346062 0.149254
17 0.861575 0.519590 0.171838 0.125000
14 0.640215 0.537313 0.311456 0.354478
2 0.230907 0.247201 0.101432 0.136194
8 0.399165 0.277052 0.194511 0.192164
19 0.453461 0.349813 0.105012 0.087687
9 0.211814 0.384328 0.158711 0.425373
4 0.388425 0.434701 0.235084 0.522388
15 0.057876 0.320896 0.015513 0.041045
10 0.832339 0.611007 0.184964 0.110075
0 0.121718 0.402052 0.126492 0.244403
5 0.339499 0.635261 0.352029 0.225746
18 0.066826 0.437500 0.042959 0.173507
3 0.092482 0.263060 0.044153 0.029851
2 0.167064 0.243470 0.038186 0.087687