20 0.420732 0.113318 0.353659 0.039720
9 0.291812 0.373832 0.175958 0.504673
11 0.414634 0.699766 0.153310 0.301402
12 0.712544 0.262850 0.289199 0.221963
14 0.089721 0.366822 0.064460 0.186916
4 0.185540 0.329439 0.162021 0.415888
1 0.095819 0.431075 0.045296 0.156542
19 0.106272 0.253505 0.045296 0.039720
0 0.480836 0.475467 0.337979 0.324766
18 0.668990 0.649533 0.463415 0.373832
3 0.702091 0.366822 0.358885 0.537383
15 0.586237 0.429907 0.168990 0.196262
2 0.457317 0.241822 0.179443 0.193925
2 0.302265 0.213785 0.130662 0.165888
8 0.196864 0.209112 0.111498 0.142523
5 0.222997 0.573598 0.209059 0.212617