14 0.479452 0.555305 0.196762 0.270880
0 0.818804 0.353273 0.051059 0.137698
7 0.461395 0.310384 0.272727 0.218962
19 0.617684 0.360045 0.062267 0.069977
13 0.345579 0.496614 0.367372 0.216704
10 0.341220 0.635440 0.117061 0.128668
6 0.204857 0.617381 0.108344 0.146727
17 0.288917 0.749436 0.301370 0.270880
20 0.622665 0.162528 0.361146 0.085779
2 0.745953 0.250564 0.084682 0.148984
8 0.622665 0.283296 0.127024 0.187359
1 0.488792 0.786682 0.150685 0.318284
11 0.795143 0.542889 0.078456 0.196388
16 0.168742 0.723476 0.058531 0.101580
5 0.671233 0.628668 0.219178 0.227991
9 0.753425 0.372460 0.109589 0.406321
4 0.636364 0.432280 0.156912 0.494357
15 0.830012 0.312641 0.016189 0.069977
2 0.797634 0.227991 0.056040 0.126411