0 0.541311 0.532359 0.290598 0.463466
5 0.280627 0.711900 0.299145 0.187891
11 0.524929 0.828810 0.169516 0.338205
1 0.101140 0.589770 0.096866 0.231733
19 0.148148 0.356994 0.042735 0.104384
8 0.180912 0.315240 0.034188 0.096033
8 0.265670 0.281837 0.166667 0.175365
2 0.418091 0.286013 0.169516 0.175365
9 0.393162 0.469729 0.247863 0.572025
4 0.244302 0.439457 0.246439 0.515658
12 0.764957 0.317328 0.245014 0.183716
3 0.787037 0.482255 0.277778 0.304802
15 0.633903 0.514614 0.122507 0.106472
15 0.916667 0.433194 0.024217 0.077244
18 0.737179 0.736952 0.423077 0.484342
3 0.727920 0.254697 0.262108 0.150313
20 0.490741 0.187891 0.497151 0.087683
14 0.094017 0.487474 0.099715 0.273486
13 0.104701 0.340292 0.047009 0.041754