6 0.179280 0.522059 0.078164 0.153361
16 0.151985 0.626050 0.043424 0.142857
17 0.287221 0.705882 0.316377 0.411765
13 0.340571 0.417017 0.366005 0.254202
7 0.512407 0.274160 0.362283 0.245798
14 0.488213 0.569328 0.227047 0.403361
19 0.672457 0.403361 0.076923 0.096639
20 0.673697 0.157563 0.374690 0.075630
8 0.678040 0.309874 0.184864 0.224790
2 0.824442 0.283613 0.088089 0.151261
0 0.865385 0.455882 0.095533 0.298319
9 0.816377 0.424370 0.119107 0.445378
4 0.682382 0.473739 0.198511 0.544118
1 0.474566 0.763655 0.177419 0.313025
11 0.857320 0.572479 0.079404 0.178571
2 0.872829 0.267857 0.040943 0.111345
5 0.718983 0.677521 0.234491 0.153361