13 0.468998 0.419463 0.505564 0.221477
10 0.571542 0.541387 0.325914 0.138702
1 0.751987 0.671141 0.082671 0.322148
11 0.874404 0.457494 0.047695 0.158837
4 0.817170 0.378076 0.104928 0.434004
8 0.806041 0.241611 0.069952 0.147651
10 0.213037 0.542506 0.031797 0.091723
16 0.291733 0.689038 0.173291 0.098434
7 0.571542 0.237136 0.399046 0.183445
5 0.845787 0.541387 0.079491 0.152125
19 0.829094 0.293065 0.109698 0.102908
9 0.876789 0.384787 0.033386 0.205817
0 0.895072 0.342282 0.028617 0.147651
2 0.833068 0.205817 0.041335 0.071588
14 0.666137 0.483221 0.282989 0.344519
17 0.476153 0.666667 0.577107 0.362416
6 0.374404 0.751678 0.332273 0.125280