12 0.632224 0.206089 0.420315 0.145199
11 0.377408 0.708431 0.166375 0.316159
2 0.368651 0.221311 0.197898 0.147541
15 0.504378 0.421546 0.241681 0.177986
15 0.887916 0.378220 0.017513 0.081967
3 0.616462 0.313817 0.528897 0.379391
18 0.629597 0.614754 0.590193 0.433255
0 0.395797 0.414520 0.378284 0.365340
8 0.200525 0.201405 0.183888 0.149883
19 0.069177 0.231850 0.064799 0.056206
1 0.058669 0.412178 0.057793 0.173302
4 0.192644 0.336066 0.227671 0.442623
14 0.057793 0.344262 0.087566 0.210773
5 0.189142 0.571429 0.210158 0.229508
20 0.401926 0.118267 0.376532 0.081967