11 0.113352 0.500947 0.093185 0.160985
8 0.284423 0.276515 0.112656 0.170455
6 0.853268 0.561553 0.118220 0.236742
10 0.670376 0.497159 0.242003 0.142045
10 0.880389 0.421402 0.008345 0.028409
13 0.682893 0.406250 0.394993 0.270833
1 0.534771 0.687500 0.184979 0.280303
17 0.732962 0.668561 0.331015 0.261364
14 0.500695 0.493371 0.214186 0.331439
19 0.351878 0.357955 0.108484 0.075758
8 0.374826 0.310606 0.054242 0.117424
4 0.319889 0.405303 0.244784 0.473485
7 0.499305 0.250000 0.364395 0.204545
2 0.161335 0.249053 0.094576 0.134470
2 0.109179 0.245265 0.015299 0.066288
9 0.153686 0.366477 0.143255 0.395833
15 0.056328 0.325758 0.009736 0.045455
0 0.108484 0.396780 0.122392 0.285985
5 0.287204 0.610795 0.282337 0.149621
20 0.308067 0.169508 0.401947 0.066288