10 0.647947 0.615942 0.322464 0.259259
6 0.868357 0.578100 0.166667 0.212560
17 0.704106 0.743961 0.524155 0.457327
14 0.402174 0.537037 0.294686 0.359098
19 0.193841 0.318841 0.100242 0.138486
7 0.492150 0.240741 0.467391 0.265700
13 0.661232 0.444444 0.520531 0.267311
8 0.204106 0.223833 0.120773 0.228663
2 0.095411 0.187601 0.099034 0.156200
20 0.385870 0.107890 0.266908 0.051530
4 0.192029 0.384863 0.147343 0.573269
9 0.106280 0.308374 0.096618 0.423510
1 0.391304 0.755233 0.176329 0.338164
11 0.073671 0.454106 0.077295 0.164251
0 0.045894 0.318841 0.043478 0.235105
8 0.306159 0.269726 0.138889 0.252818
5 0.182367 0.590982 0.166667 0.190016