7 0.501894 0.246231 0.410354 0.237856
20 0.676768 0.120603 0.459596 0.056951
19 0.700758 0.351759 0.103535 0.080402
8 0.740530 0.227806 0.127525 0.217755
2 0.846591 0.211055 0.089646 0.167504
5 0.743687 0.581240 0.229798 0.221106
0 0.897096 0.358459 0.079545 0.264657
9 0.847854 0.316583 0.114899 0.418760
4 0.717172 0.388610 0.191919 0.566164
14 0.503157 0.522613 0.266414 0.371859
6 0.125000 0.575377 0.138889 0.175879
10 0.301136 0.602178 0.261364 0.165829
10 0.082071 0.448074 0.085859 0.179229
17 0.241162 0.699330 0.426768 0.437186
13 0.321970 0.431323 0.505051 0.299832
1 0.503788 0.759631 0.179293 0.296482
11 0.874369 0.463149 0.084596 0.149079
15 0.931818 0.246231 0.015152 0.067002