17 0.664336 0.657210 0.608392 0.486998
1 0.331294 0.677305 0.113636 0.342790
11 0.124126 0.427896 0.055944 0.170213
19 0.222902 0.296690 0.092657 0.078014
20 0.384615 0.146572 0.279720 0.042553
13 0.599650 0.388889 0.573427 0.224586
4 0.212413 0.382979 0.113636 0.486998
9 0.160839 0.309693 0.101399 0.335697
2 0.168706 0.209220 0.064685 0.111111
14 0.341783 0.465721 0.176573 0.354610
10 0.534091 0.537825 0.260490 0.210402
5 0.202797 0.549645 0.146853 0.219858
0 0.110140 0.334515 0.041958 0.215130
8 0.221154 0.223404 0.082168 0.148936
7 0.456294 0.228132 0.370629 0.158392
6 0.803322 0.514184 0.215035 0.115839
6 0.808566 0.600473 0.201049 0.137116