1 0.223353 0.686947 0.159281 0.272124
11 0.847904 0.684735 0.165269 0.285398
8 0.501796 0.290929 0.258683 0.245575
2 0.756287 0.261062 0.240719 0.190265
9 0.769461 0.423673 0.274251 0.524336
4 0.482635 0.422566 0.342515 0.535398
19 0.357485 0.414823 0.044311 0.143805
14 0.223353 0.532080 0.202395 0.325221
7 0.348503 0.275442 0.203593 0.196903
17 0.108982 0.611726 0.100599 0.205752
10 0.092814 0.482301 0.070659 0.101770
13 0.188623 0.383850 0.164072 0.126106
20 0.660479 0.161504 0.427545 0.066372
5 0.542515 0.690265 0.445509 0.017699
15 0.912575 0.255531 0.091018 0.161504
18 0.946108 0.587389 0.083832 0.223451
0 0.931737 0.421460 0.086228 0.210177
8 0.327545 0.352876 0.073054 0.108407