14 0.429022 0.574737 0.293375 0.286316
1 0.426656 0.746316 0.168770 0.317895
5 0.207413 0.640000 0.266562 0.206316
17 0.717666 0.742105 0.470032 0.288421
6 0.873817 0.675789 0.179811 0.277895
10 0.655363 0.618947 0.228707 0.105263
13 0.613565 0.474737 0.646688 0.250526
7 0.457413 0.298947 0.381703 0.176842
20 0.334385 0.196842 0.331230 0.035789
4 0.215300 0.445263 0.178233 0.486316
19 0.240536 0.369474 0.077287 0.103158
19 0.612776 0.303158 0.020505 0.025263
9 0.108044 0.389474 0.130915 0.378947
0 0.041798 0.416842 0.083596 0.248421
18 0.007098 0.437895 0.014196 0.084211
11 0.053628 0.509474 0.078864 0.181053
2 0.075710 0.271579 0.037855 0.067368
2 0.123817 0.266316 0.086751 0.124211