7 0.438291 0.262712 0.341772 0.216102
6 0.829905 0.543432 0.156646 0.175847
17 0.712025 0.610169 0.436709 0.372881
1 0.467563 0.668432 0.150316 0.260593
10 0.657437 0.599576 0.140823 0.067797
14 0.484177 0.505297 0.338608 0.264831
4 0.242089 0.400424 0.170886 0.381356
8 0.224684 0.265890 0.104430 0.112288
19 0.253165 0.338983 0.088608 0.050847
13 0.631329 0.416314 0.553797 0.307203
20 0.321994 0.182203 0.324367 0.080508
5 0.276899 0.565678 0.208861 0.177966
2 0.158228 0.260593 0.034810 0.084746
11 0.147152 0.445975 0.085443 0.154661
0 0.122627 0.365466 0.102848 0.218220
3 0.113924 0.244703 0.053797 0.027542
19 0.607595 0.251059 0.022152 0.023305