7 0.461159 0.196117 0.320592 0.205825
13 0.629470 0.396117 0.541307 0.299029
6 0.829223 0.527184 0.131936 0.137864
17 0.701603 0.646602 0.475956 0.372816
14 0.494451 0.463107 0.345253 0.328155
2 0.155364 0.188350 0.091245 0.155340
8 0.247842 0.195146 0.106042 0.172816
9 0.153514 0.292233 0.117139 0.398058
4 0.254624 0.340777 0.156597 0.495146
19 0.270654 0.281553 0.092478 0.081553
1 0.436498 0.660194 0.140567 0.318447
11 0.122688 0.436893 0.075216 0.174757
0 0.088779 0.316505 0.071517 0.205825
5 0.249692 0.545631 0.235512 0.201942
18 0.067818 0.374757 0.034525 0.093204
10 0.691739 0.594175 0.165228 0.112621
10 0.888409 0.457282 0.025894 0.102913
20 0.338471 0.094175 0.316893 0.025243