2 0.800523 0.312065 0.074913 0.099768
1 0.572300 0.686775 0.130662 0.264501
18 0.866725 0.424594 0.008711 0.083527
6 0.231707 0.564965 0.181185 0.141531
0 0.842334 0.425754 0.054007 0.220418
5 0.727352 0.607889 0.179443 0.167053
19 0.414634 0.327146 0.034843 0.032483
4 0.736063 0.444316 0.113240 0.378190
20 0.626307 0.251740 0.252613 0.030162
19 0.726481 0.373550 0.062718 0.055684
17 0.341463 0.660093 0.418118 0.308585
16 0.195122 0.643852 0.055749 0.095128
14 0.576655 0.529002 0.236934 0.269142
14 0.190767 0.443155 0.081882 0.078886
13 0.406794 0.454756 0.506969 0.208817
11 0.827526 0.500000 0.066202 0.141531
10 0.421603 0.588167 0.219512 0.090487
9 0.804007 0.403712 0.092334 0.296984
8 0.731707 0.334107 0.080139 0.143852
7 0.546167 0.324826 0.304878 0.134571