7 0.305764 0.131052 0.543860 0.258765
8 0.449875 0.247913 0.102757 0.151920
8 0.654762 0.139399 0.251880 0.272120
4 0.645363 0.347245 0.350877 0.691152
1 0.260652 0.799666 0.325815 0.397329
17 0.102757 0.787980 0.203008 0.417362
10 0.105263 0.519199 0.208020 0.210351
13 0.196742 0.290484 0.388471 0.353923
14 0.275689 0.535893 0.428571 0.414023
2 0.833960 0.081803 0.088972 0.153589
11 0.850877 0.412354 0.092732 0.196995
15 0.905388 0.123539 0.026316 0.096828
19 0.564536 0.297162 0.109023 0.150250
0 0.839599 0.277963 0.157895 0.439065