10 0.725062 0.649091 0.280549 0.149091
6 0.901496 0.601818 0.132170 0.192727
17 0.745012 0.737273 0.482544 0.463636
13 0.688903 0.424545 0.564838 0.350909
7 0.493766 0.186364 0.426434 0.267273
20 0.276185 0.050000 0.365337 0.041818
19 0.261222 0.269091 0.120948 0.083636
14 0.496883 0.503636 0.347880 0.440000
8 0.249377 0.175455 0.172070 0.238182
2 0.126559 0.136364 0.098504 0.167273
9 0.109726 0.288182 0.137157 0.467273
4 0.237531 0.374545 0.195761 0.643636
15 0.034289 0.214545 0.011222 0.032727
0 0.049252 0.277273 0.061097 0.245455
11 0.082294 0.428182 0.084788 0.194545
1 0.468828 0.763636 0.206983 0.396364