7 0.447244 0.179622 0.362205 0.165966
8 0.230709 0.176471 0.096063 0.130252
4 0.241732 0.322479 0.165354 0.443277
1 0.460630 0.580882 0.177953 0.296218
17 0.725197 0.523109 0.398425 0.352941
10 0.671654 0.467437 0.206299 0.081933
13 0.625197 0.326681 0.554331 0.216387
16 0.869291 0.502101 0.072441 0.109244
20 0.318898 0.099790 0.351181 0.027311
5 0.244882 0.509454 0.250394 0.165966
14 0.455906 0.410714 0.291339 0.308824
2 0.144882 0.172269 0.066142 0.126050
2 0.100000 0.188025 0.033071 0.069328
9 0.133071 0.283613 0.092913 0.352941
11 0.096063 0.403361 0.059843 0.159664
19 0.251969 0.228992 0.107087 0.071429
6 0.853543 0.484244 0.122835 0.250000
19 0.588189 0.175420 0.023622 0.023109
0 0.082677 0.319328 0.077165 0.222689