16 0.913020 0.622054 0.060175 0.122896
11 0.123632 0.420034 0.063457 0.163300
1 0.497265 0.661616 0.176149 0.333333
10 0.694748 0.539562 0.253829 0.129630
6 0.896608 0.518519 0.088621 0.175084
14 0.484136 0.478956 0.292123 0.328283
13 0.647155 0.389731 0.545952 0.308081
7 0.462254 0.188552 0.335886 0.175084
19 0.286652 0.259259 0.094092 0.070707
4 0.268600 0.352694 0.167396 0.503367
8 0.266411 0.181818 0.099562 0.134680
20 0.310722 0.106061 0.306346 0.047138
9 0.165755 0.293771 0.110503 0.378788
2 0.174508 0.173401 0.079869 0.114478
5 0.274617 0.548822 0.271335 0.249158
0 0.112691 0.303872 0.070022 0.254209
17 0.739606 0.645623 0.413567 0.378788