10 0.571229 0.593684 0.243017 0.164211
17 0.670391 0.671579 0.519553 0.463158
7 0.455307 0.192632 0.393855 0.212632
16 0.523045 0.258947 0.141061 0.046316
13 0.630587 0.407368 0.562849 0.334737
14 0.378492 0.457895 0.187151 0.406316
1 0.393855 0.706316 0.142458 0.334737
19 0.250698 0.288421 0.127095 0.096842
8 0.249302 0.202105 0.104749 0.193684
4 0.244413 0.368421 0.148045 0.543158
2 0.180866 0.168421 0.060056 0.130526
2 0.153631 0.146316 0.025140 0.056842
9 0.170391 0.290526 0.100559 0.391579
0 0.114525 0.261053 0.027933 0.172632
11 0.149441 0.417895 0.072626 0.170526
5 0.240223 0.560000 0.173184 0.248421
20 0.333101 0.094737 0.361732 0.046316
6 0.826816 0.614737 0.189944 0.197895