15 0.651989 0.499064 0.218750 0.084270
15 0.868608 0.454120 0.015625 0.039326
16 0.828835 0.665730 0.086648 0.095506
11 0.471591 0.745318 0.176136 0.299625
12 0.718750 0.359551 0.255682 0.127341
3 0.734375 0.515918 0.284091 0.219101
3 0.680398 0.302434 0.227273 0.084270
18 0.698864 0.683521 0.400568 0.307116
0 0.472301 0.550562 0.271307 0.307116
5 0.258523 0.674157 0.224432 0.127341
1 0.148438 0.586142 0.075284 0.134831
19 0.146307 0.420412 0.045455 0.054307
20 0.422585 0.283708 0.359375 0.058052
8 0.240767 0.359551 0.143466 0.131086
2 0.383523 0.350187 0.178977 0.131086
9 0.363636 0.482210 0.232955 0.413858
4 0.231534 0.470974 0.184659 0.372659
14 0.125000 0.519663 0.048295 0.174157
17 0.098722 0.539326 0.015625 0.127341