7 0.479058 0.248252 0.420593 0.151515
20 0.338569 0.167832 0.212914 0.023310
13 0.643979 0.409091 0.554974 0.188811
6 0.835079 0.513986 0.211169 0.109557
6 0.861257 0.634033 0.183246 0.195804
10 0.595986 0.516317 0.354276 0.170163
17 0.676265 0.693473 0.560209 0.389277
1 0.391798 0.692308 0.172775 0.340326
14 0.387435 0.479021 0.226876 0.375291
19 0.219023 0.329837 0.099476 0.104895
8 0.222513 0.258741 0.099476 0.153846
8 0.294066 0.293706 0.047120 0.102564
4 0.233857 0.414918 0.191972 0.480186
5 0.197208 0.590909 0.223386 0.202797
9 0.126527 0.363636 0.123909 0.386946
11 0.088133 0.495338 0.078534 0.170163
0 0.065445 0.347319 0.047120 0.149184
2 0.138743 0.235431 0.092496 0.121212