10 0.804054 0.589537 0.195332 0.144869
10 0.931204 0.430584 0.051597 0.120724
6 0.923219 0.537223 0.087224 0.144869
17 0.797912 0.708249 0.337838 0.370221
14 0.587224 0.519115 0.341523 0.418511
13 0.713759 0.388330 0.447174 0.342052
7 0.516585 0.195171 0.374693 0.277666
8 0.292998 0.204225 0.170762 0.235412
2 0.132064 0.181087 0.126536 0.189135
19 0.351966 0.306841 0.128993 0.134809
4 0.303440 0.398390 0.240786 0.643863
9 0.133907 0.330986 0.149877 0.509054
5 0.281327 0.636821 0.343980 0.247485
20 0.314496 0.064386 0.407862 0.072435
1 0.566953 0.754527 0.212531 0.366197
11 0.084767 0.497988 0.098280 0.223340
0 0.069410 0.378270 0.104423 0.281690
15 0.019042 0.275654 0.011057 0.076459