18 0.925000 0.565385 0.090625 0.182051
9 0.665625 0.414103 0.246875 0.453846
11 0.810937 0.641026 0.153125 0.235897
2 0.654687 0.276923 0.165625 0.158974
2 0.796094 0.288462 0.085938 0.094872
12 0.889062 0.278205 0.109375 0.089744
14 0.192969 0.507692 0.245312 0.323077
17 0.080469 0.562821 0.070312 0.171795
4 0.421094 0.415385 0.282813 0.451282
1 0.181250 0.624359 0.140625 0.217949
8 0.440625 0.283333 0.209375 0.171795
10 0.084375 0.448718 0.068750 0.056410
13 0.154688 0.393590 0.200000 0.120513
19 0.321875 0.355128 0.034375 0.058974
0 0.829688 0.478205 0.265625 0.330769
5 0.515625 0.651282 0.403125 0.025641
15 0.957031 0.585897 0.020313 0.033333
3 0.875000 0.274359 0.165625 0.138462