19 0.672174 0.289227 0.036522 0.030445
1 0.359130 0.715457 0.151304 0.344262
11 0.111304 0.497658 0.066087 0.180328
20 0.382609 0.179157 0.323478 0.039813
0 0.098261 0.399297 0.043478 0.241218
5 0.200000 0.610070 0.163478 0.208431
4 0.211304 0.422717 0.130435 0.484778
9 0.147826 0.362998 0.111304 0.365340
2 0.160000 0.242389 0.073043 0.110070
8 0.220870 0.250585 0.083478 0.126464
19 0.219130 0.324356 0.114783 0.077283
14 0.354783 0.523419 0.198261 0.316159
13 0.629565 0.426230 0.626087 0.224824
17 0.661739 0.721311 0.624348 0.374707
10 0.553043 0.553864 0.285217 0.227166
7 0.479130 0.268150 0.422609 0.156909
2 0.117391 0.258782 0.026087 0.044496