11 0.492297 0.741187 0.158263 0.257885
2 0.454482 0.332096 0.116246 0.137291
2 0.600840 0.319109 0.162465 0.159555
9 0.616947 0.462894 0.205882 0.469388
16 0.112045 0.698516 0.053221 0.090909
15 0.245098 0.515770 0.170868 0.111317
15 0.095938 0.442486 0.007003 0.042672
12 0.221289 0.355288 0.226891 0.183673
3 0.165266 0.536178 0.148459 0.267161
18 0.266807 0.686456 0.387955 0.282004
0 0.413866 0.553803 0.368347 0.302412
8 0.743697 0.309833 0.151261 0.144712
19 0.838235 0.346939 0.051821 0.063080
4 0.752101 0.435065 0.210084 0.410019
5 0.715686 0.652134 0.271709 0.176252
14 0.877451 0.472171 0.079832 0.191095
1 0.873950 0.533395 0.072829 0.157699
17 0.900560 0.488868 0.042017 0.087199
13 0.875350 0.365492 0.028011 0.022263
20 0.468487 0.241187 0.432773 0.081633
3 0.252801 0.282931 0.177871 0.083488