6 0.847636 0.544496 0.105079 0.124122
17 0.705779 0.662763 0.448336 0.276347
1 0.441331 0.701405 0.175131 0.274005
13 0.615587 0.476581 0.551664 0.194379
14 0.491243 0.552693 0.376532 0.234192
7 0.429947 0.362998 0.320490 0.145199
19 0.257443 0.413349 0.094571 0.063232
8 0.221541 0.370023 0.117338 0.112412
4 0.227671 0.484778 0.178634 0.355972
2 0.157618 0.367681 0.056042 0.098361
11 0.106830 0.565574 0.059545 0.142857
5 0.240806 0.648712 0.229422 0.121780
0 0.104203 0.494145 0.110333 0.206089
20 0.315236 0.298595 0.297723 0.025761