11 0.868987 0.548832 0.097468 0.235669
9 0.829747 0.370488 0.140506 0.447983
2 0.805696 0.221868 0.074684 0.133758
8 0.711392 0.228238 0.108861 0.167728
19 0.693671 0.316348 0.073418 0.076433
4 0.709494 0.419321 0.170886 0.545648
0 0.903165 0.369427 0.062025 0.280255
14 0.530380 0.503185 0.207595 0.399151
15 0.924684 0.313163 0.016456 0.070064
10 0.352532 0.545648 0.186076 0.157113
16 0.133544 0.661359 0.100000 0.121019
17 0.262658 0.612527 0.424051 0.473461
13 0.345570 0.363057 0.496203 0.220807
7 0.490506 0.223992 0.370886 0.197452
20 0.646203 0.123142 0.383544 0.072187
1 0.521519 0.730361 0.156962 0.339703
5 0.733544 0.643312 0.244304 0.182590
2 0.846835 0.215499 0.032911 0.087049
6 0.162658 0.532909 0.183544 0.195329