11 0.849440 0.483957 0.068627 0.235294
2 0.824230 0.164439 0.049020 0.098930
2 0.773810 0.180481 0.088235 0.163102
16 0.167367 0.664439 0.082633 0.125668
6 0.190476 0.618984 0.137255 0.318182
10 0.359244 0.589572 0.166667 0.098930
17 0.294818 0.724599 0.365546 0.336898
1 0.494398 0.762032 0.168067 0.385027
13 0.362045 0.401070 0.457983 0.283422
14 0.524510 0.513369 0.217087 0.310160
7 0.511905 0.203209 0.287115 0.208556
19 0.669468 0.280749 0.100840 0.128342
8 0.686975 0.191176 0.102241 0.173797
4 0.679272 0.378342 0.176471 0.585561
9 0.789916 0.318182 0.120448 0.465241
0 0.857843 0.282086 0.063025 0.173797
3 0.849440 0.175134 0.071429 0.147059
20 0.647759 0.085561 0.343137 0.053476
5 0.714286 0.606952 0.229692 0.213904