7 0.534772 0.156501 0.455635 0.165329
8 0.788969 0.182986 0.093525 0.192616
4 0.821942 0.324238 0.118705 0.491172
1 0.700839 0.626806 0.094724 0.306581
17 0.372302 0.622793 0.639089 0.388443
10 0.504197 0.454254 0.320144 0.215088
13 0.401079 0.342697 0.665468 0.261637
6 0.227218 0.481541 0.327338 0.195827
16 0.153477 0.612360 0.177458 0.152488
14 0.722422 0.437400 0.157074 0.329053
20 0.633693 0.072231 0.310552 0.028892
2 0.842926 0.154093 0.043165 0.118780
9 0.862110 0.227929 0.086331 0.279294
11 0.863309 0.409310 0.057554 0.147673