1 0.544094 0.631579 0.171654 0.294737
11 0.114961 0.418947 0.078740 0.172632
10 0.726772 0.543158 0.212598 0.080000
19 0.296850 0.310526 0.124409 0.073684
3 0.089764 0.235789 0.059843 0.025263
0 0.116535 0.362105 0.132283 0.240000
5 0.293701 0.564211 0.294488 0.181053
20 0.334646 0.168421 0.351181 0.054737
14 0.551181 0.484211 0.377953 0.290526
17 0.774803 0.598947 0.400000 0.376842
6 0.905512 0.554737 0.116535 0.170526
7 0.467717 0.244211 0.337008 0.151579
13 0.676378 0.402105 0.562205 0.252632
2 0.170079 0.229474 0.050394 0.071579
4 0.261417 0.382105 0.239370 0.393684
8 0.267717 0.247368 0.110236 0.115789