16 0.892458 0.709213 0.114525 0.155470
6 0.842877 0.590211 0.199721 0.159309
10 0.632682 0.619002 0.268156 0.147793
1 0.414106 0.731286 0.157821 0.341651
17 0.693436 0.734165 0.546089 0.370441
13 0.645251 0.460653 0.578212 0.307102
7 0.483240 0.259117 0.385475 0.191939
14 0.428073 0.509597 0.263966 0.351248
8 0.308659 0.330134 0.027933 0.080614
19 0.258380 0.343570 0.136872 0.103647
8 0.240922 0.253359 0.107542 0.191939
4 0.243017 0.404031 0.167598 0.508637
2 0.164804 0.222649 0.069832 0.138196
2 0.119413 0.212092 0.043296 0.094050
9 0.152235 0.333973 0.106145 0.372361
11 0.119413 0.461612 0.071229 0.166987
0 0.097067 0.362764 0.054469 0.226488
3 0.101955 0.206334 0.036313 0.086372
5 0.226257 0.584453 0.206704 0.251440
20 0.328212 0.145873 0.421788 0.061420