7 0.477132 0.212454 0.415328 0.230769
20 0.327565 0.092491 0.348578 0.049451
13 0.639061 0.406593 0.533993 0.300366
2 0.112485 0.189560 0.069221 0.137363
19 0.251545 0.320513 0.090235 0.120879
11 0.092707 0.467949 0.084054 0.184982
1 0.430779 0.727106 0.171817 0.326007
0 0.098888 0.380037 0.116193 0.335165
6 0.858467 0.551282 0.100124 0.164835
18 0.688504 0.663919 0.467244 0.390110
14 0.464771 0.518315 0.318912 0.329670
10 0.667491 0.569597 0.249691 0.135531
8 0.244747 0.229853 0.195303 0.221612
4 0.246601 0.388278 0.250927 0.567766
5 0.244747 0.609890 0.182942 0.172161