16 0.849282 0.543651 0.141148 0.210317
6 0.817584 0.390873 0.199761 0.242063
10 0.529904 0.477183 0.363636 0.208333
1 0.304426 0.632937 0.216507 0.444444
11 0.039474 0.222222 0.066986 0.198413
19 0.086722 0.056548 0.101675 0.109127
13 0.560407 0.211310 0.726077 0.422619
17 0.608852 0.560516 0.693780 0.621032
14 0.312799 0.308532 0.324163 0.430556
8 0.160287 0.062500 0.074163 0.109127
4 0.115431 0.256944 0.161483 0.513889
9 0.022129 0.114087 0.041866 0.228175
7 0.358254 0.030754 0.314593 0.061508
5 0.126196 0.388889 0.142344 0.277778
10 0.930622 0.272817 0.014354 0.128968