18 0.898930 0.596065 0.102259 0.252315
9 0.689061 0.458333 0.253270 0.486111
11 0.800238 0.697917 0.140309 0.252315
2 0.668847 0.304398 0.131986 0.155093
2 0.774078 0.307870 0.071344 0.125000
12 0.893579 0.303241 0.055886 0.120370
14 0.210464 0.565972 0.266350 0.293981
17 0.085018 0.663194 0.055886 0.215278
4 0.456599 0.467593 0.280618 0.500000
1 0.174792 0.717593 0.147444 0.250000
8 0.501784 0.312500 0.164090 0.171296
10 0.085018 0.534722 0.036861 0.078704
13 0.196790 0.428241 0.255648 0.148148
19 0.398335 0.385417 0.040428 0.076389
0 0.804994 0.513889 0.230678 0.319444
5 0.489298 0.721065 0.455410 0.094907
20 0.647444 0.209491 0.384067 0.057870
15 0.913793 0.416667 0.036861 0.125000
7 0.382283 0.317130 0.148633 0.194444
3 0.848989 0.237269 0.042806 0.053241