0 0.084475 0.393646 0.071537 0.262431
11 0.130137 0.540055 0.098935 0.223757
15 0.051750 0.323204 0.006088 0.088398
9 0.174277 0.381215 0.135464 0.469613
2 0.188737 0.241713 0.079148 0.146409
4 0.314307 0.430939 0.196347 0.558011
8 0.301370 0.259669 0.130898 0.182320
19 0.348554 0.345304 0.076104 0.088398
5 0.283866 0.653315 0.266362 0.151934
1 0.546423 0.743094 0.194825 0.397790
14 0.573820 0.537293 0.334855 0.378453
20 0.359209 0.128453 0.331811 0.058011
7 0.502283 0.238950 0.319635 0.229282
13 0.695586 0.371547 0.487062 0.223757
6 0.891933 0.516575 0.109589 0.198895
17 0.787671 0.674033 0.394216 0.430939
16 0.953577 0.646409 0.044140 0.149171
10 0.941400 0.446133 0.013699 0.080110
10 0.774734 0.563536 0.194825 0.149171
3 0.079148 0.256906 0.045662 0.033149