15 0.201564 0.479208 0.145608 0.138614
18 0.175692 0.676238 0.286402 0.433663
0 0.347172 0.548515 0.405535 0.443564
12 0.178099 0.231683 0.211793 0.198020
3 0.187124 0.335644 0.294826 0.504950
11 0.374248 0.789109 0.231047 0.374257
1 0.872443 0.534653 0.093863 0.225743
5 0.698556 0.662376 0.306859 0.176238
2 0.521059 0.208911 0.228640 0.192079
8 0.720217 0.200000 0.188929 0.182178
19 0.835740 0.266337 0.032491 0.057426
9 0.541516 0.399010 0.293622 0.600000
4 0.740674 0.375248 0.265945 0.556436
14 0.889290 0.414851 0.081829 0.279208
20 0.528279 0.112871 0.464501 0.091089
15 0.117930 0.460396 0.062575 0.097030
17 0.929603 0.484158 0.027677 0.152475