3 0.296329 0.344388 0.421329 0.637755
12 0.287587 0.215561 0.382867 0.262755
20 0.524476 0.020408 0.276224 0.040816
5 0.795455 0.465561 0.115385 0.206633
0 0.608392 0.362245 0.269231 0.321429
19 0.859266 0.139031 0.071678 0.058673
8 0.782343 0.102041 0.092657 0.153061
1 0.854021 0.364796 0.050699 0.158163
4 0.794580 0.233418 0.141608 0.441327
14 0.863636 0.242347 0.041958 0.163265
2 0.555944 0.163265 0.139860 0.260204
2 0.675699 0.127551 0.050699 0.153061
2 0.714161 0.112245 0.099650 0.178571
11 0.659091 0.647959 0.146853 0.367347
9 0.723776 0.258929 0.171329 0.492347
18 0.380245 0.656888 0.592657 0.543367
15 0.087413 0.340561 0.031469 0.125000
15 0.431818 0.394133 0.269231 0.160714