5 0.213436 0.681460 0.236623 0.179487
15 0.631986 0.549310 0.136742 0.171598
9 0.325208 0.439842 0.243757 0.536489
2 0.353151 0.274162 0.171225 0.173570
2 0.511296 0.305720 0.175981 0.209073
0 0.494055 0.538462 0.388823 0.319527
18 0.703924 0.755424 0.544590 0.331361
3 0.775862 0.439842 0.391201 0.520710
20 0.519620 0.169625 0.325803 0.043393
4 0.202735 0.414201 0.210464 0.473373
8 0.224138 0.262327 0.151011 0.169625
19 0.120095 0.309665 0.052319 0.055227
11 0.395957 0.757396 0.140309 0.347140
1 0.076100 0.558185 0.078478 0.228797
14 0.077883 0.459566 0.096314 0.252465