19 0.681141 0.319444 0.084367 0.083333
6 0.181762 0.577991 0.207196 0.173077
10 0.396402 0.577991 0.187345 0.138889
7 0.472705 0.241453 0.367246 0.222222
13 0.322581 0.435897 0.498759 0.269231
14 0.554591 0.539530 0.166253 0.403846
17 0.295906 0.716880 0.472705 0.356838
20 0.617246 0.116453 0.368486 0.061966
0 0.848635 0.385684 0.086849 0.339744
2 0.767370 0.215812 0.078164 0.162393
8 0.692928 0.226496 0.095533 0.175214
4 0.692928 0.419872 0.145161 0.574786
9 0.784119 0.367521 0.114144 0.474359
11 0.825062 0.566239 0.094293 0.239316
1 0.531638 0.783120 0.169975 0.356838
18 0.877792 0.394231 0.073201 0.164530
2 0.818238 0.190171 0.055831 0.111111
5 0.716501 0.659188 0.187345 0.194444