1 0.455906 0.714885 0.187402 0.314465
16 0.875591 0.672956 0.047244 0.104822
13 0.614961 0.422432 0.546457 0.153040
10 0.618110 0.518868 0.266142 0.136268
14 0.450394 0.540881 0.242520 0.268344
6 0.816535 0.542977 0.177953 0.176101
17 0.711024 0.671908 0.404724 0.329140
7 0.488189 0.310273 0.340157 0.159329
8 0.280315 0.303983 0.078740 0.138365
4 0.282677 0.437107 0.124409 0.425577
2 0.188976 0.284067 0.072441 0.119497
2 0.148031 0.280922 0.034646 0.071279
9 0.177953 0.399371 0.103937 0.350105
5 0.250394 0.605870 0.207874 0.163522
11 0.135433 0.523061 0.075591 0.174004
0 0.107874 0.403564 0.045669 0.186583
15 0.093701 0.338574 0.014173 0.035639
20 0.317323 0.228512 0.388976 0.075472