10 0.743017 0.607843 0.217877 0.165577
10 0.905028 0.411765 0.067039 0.087146
14 0.519553 0.540305 0.287709 0.387800
13 0.707402 0.444444 0.467877 0.352941
17 0.764665 0.727669 0.417598 0.379085
7 0.527933 0.239651 0.393855 0.274510
19 0.315642 0.385621 0.103352 0.139434
8 0.400140 0.370370 0.054469 0.122004
8 0.273743 0.248366 0.164804 0.270153
2 0.135475 0.191721 0.108939 0.161220
5 0.268855 0.645969 0.289106 0.250545
4 0.289804 0.403050 0.286313 0.623094
9 0.099162 0.500000 0.086592 0.185185
0 0.115223 0.388889 0.132682 0.342048
15 0.045391 0.323529 0.012570 0.071895
18 0.083799 0.437908 0.092179 0.165577
20 0.319134 0.100218 0.431564 0.078431
6 0.898743 0.581699 0.129888 0.226580