18 0.383741 0.678934 0.578671 0.464467
12 0.452797 0.248731 0.402098 0.172589
3 0.338287 0.473350 0.421329 0.388325
15 0.405594 0.524112 0.104895 0.104061
15 0.542832 0.513959 0.204545 0.175127
15 0.138986 0.414975 0.050699 0.124365
20 0.559441 0.158629 0.342657 0.053299
5 0.799825 0.577411 0.106643 0.170051
0 0.607517 0.496193 0.284965 0.408629
19 0.864510 0.289340 0.057692 0.050761
8 0.803322 0.253807 0.064685 0.131980
1 0.865385 0.465736 0.073427 0.159898
4 0.813811 0.371827 0.106643 0.398477
14 0.876748 0.403553 0.057692 0.192893
2 0.678322 0.275381 0.038462 0.129442
2 0.741259 0.262690 0.083916 0.154822
11 0.645105 0.737310 0.143357 0.286802
9 0.752622 0.404822 0.120629 0.464467