7 0.585030 0.151316 0.420359 0.302632
8 0.855689 0.139803 0.214371 0.273026
4 0.841916 0.319079 0.299401 0.625000
1 0.541916 0.709704 0.269461 0.291118
17 0.234132 0.625000 0.346108 0.569079
10 0.299401 0.564145 0.138922 0.243421
10 0.117365 0.271382 0.062275 0.148026
13 0.371257 0.434211 0.560479 0.598684
16 0.113174 0.620066 0.094611 0.207237
14 0.685629 0.449013 0.120958 0.305921
2 0.983234 0.096217 0.033533 0.185855
9 0.969461 0.231908 0.058683 0.463816
11 0.964671 0.450658 0.070659 0.115132
19 0.876647 0.268092 0.102994 0.088816
6 0.133533 0.506579 0.111377 0.289474
5 0.819162 0.549342 0.256287 0.226974