1 0.066026 0.484095 0.101282 0.212724
11 0.457051 0.802187 0.206410 0.391650
15 0.600000 0.477137 0.220513 0.202783
15 0.926282 0.336978 0.042308 0.149105
19 0.064744 0.267396 0.057692 0.089463
3 0.735897 0.340954 0.412821 0.610338
12 0.716026 0.198807 0.334615 0.258449
18 0.705128 0.663022 0.546154 0.514911
0 0.469231 0.507952 0.305128 0.435388
5 0.216026 0.637177 0.275641 0.268390
20 0.487179 0.034791 0.507692 0.065606
16 0.838462 0.483101 0.128205 0.131213
14 0.046154 0.381710 0.076923 0.250497
8 0.100000 0.215706 0.033333 0.105368
8 0.177564 0.176938 0.147436 0.194831
2 0.315385 0.184891 0.164103 0.214712
2 0.389103 0.212724 0.047436 0.159046
9 0.303205 0.384692 0.232051 0.646123
4 0.167308 0.345924 0.201282 0.564612