11 0.576633 0.776382 0.208543 0.370184
1 0.898869 0.430486 0.069095 0.174204
3 0.219849 0.426298 0.334171 0.333333
15 0.434673 0.399497 0.226131 0.175879
15 0.059045 0.322446 0.012563 0.085427
12 0.280151 0.223618 0.396985 0.179229
0 0.540201 0.469849 0.339196 0.457286
18 0.317839 0.676717 0.545226 0.428811
9 0.695352 0.372697 0.232412 0.557789
2 0.675879 0.192630 0.173367 0.164154
20 0.532663 0.076214 0.391960 0.028476
4 0.821608 0.332496 0.175879 0.470687
8 0.807161 0.189280 0.119347 0.154104
19 0.908920 0.250419 0.051508 0.055276
5 0.790829 0.576214 0.177136 0.201005
14 0.912060 0.374372 0.057789 0.202680
16 0.154523 0.711893 0.115578 0.154104
3 0.337940 0.123953 0.314070 0.083752
15 0.299623 0.392797 0.136935 0.162479