10 0.906498 0.501059 0.028526 0.082627
19 0.586371 0.256356 0.019017 0.025424
0 0.118859 0.332627 0.057052 0.207627
2 0.151347 0.213983 0.042789 0.097458
5 0.200475 0.542373 0.137876 0.203390
11 0.118859 0.411017 0.034865 0.135593
14 0.405705 0.476695 0.329635 0.296610
4 0.192552 0.363347 0.118859 0.421610
20 0.345483 0.153602 0.297940 0.044492
6 0.805071 0.563559 0.158479 0.135593
19 0.190967 0.294492 0.071315 0.050847
17 0.664818 0.683263 0.587956 0.383475
10 0.576862 0.603814 0.291601 0.127119
13 0.617274 0.431144 0.584786 0.281780
1 0.333597 0.668432 0.128368 0.307203
7 0.422345 0.245763 0.362916 0.177966