20 0.354783 0.094118 0.326957 0.042353
1 0.379130 0.629412 0.135652 0.280000
5 0.220000 0.508235 0.151304 0.174118
0 0.111304 0.289412 0.069565 0.282353
18 0.086087 0.338824 0.015652 0.098824
11 0.128696 0.387059 0.066087 0.152941
14 0.384348 0.422353 0.194783 0.369412
17 0.647826 0.621176 0.526957 0.329412
6 0.766087 0.521176 0.231304 0.200000
10 0.857391 0.414118 0.006957 0.042353
13 0.607826 0.375294 0.495652 0.242353
2 0.164348 0.163529 0.071304 0.120000
10 0.560000 0.505882 0.226087 0.145882
2 0.133913 0.154118 0.024348 0.068235
19 0.253913 0.255294 0.107826 0.091765
4 0.237391 0.336471 0.144348 0.475294
9 0.153043 0.277647 0.104348 0.357647
8 0.239130 0.171765 0.092174 0.136471
7 0.466957 0.196471 0.380870 0.181176