11 0.124862 0.517477 0.084708 0.171733
9 0.172717 0.363222 0.129813 0.373860
2 0.179318 0.246960 0.088009 0.126140
0 0.122662 0.398936 0.111111 0.268997
14 0.551155 0.445289 0.286029 0.340426
4 0.338284 0.396657 0.249725 0.455927
1 0.536304 0.654255 0.174917 0.287234
8 0.314631 0.258359 0.147415 0.164134
10 0.677668 0.405015 0.290429 0.144377
19 0.360286 0.330547 0.108911 0.098784
5 0.293729 0.594225 0.275028 0.136778
16 0.933443 0.565350 0.049505 0.106383
7 0.529703 0.239362 0.346535 0.147416
13 0.709571 0.358663 0.374037 0.139818
20 0.346535 0.169453 0.347635 0.044073
17 0.778878 0.570669 0.360836 0.354103
18 0.070407 0.438450 0.026403 0.147416