0 0.565872 0.555000 0.273526 0.313333
8 0.821205 0.291667 0.104141 0.146667
2 0.707654 0.299167 0.115433 0.168333
2 0.579046 0.309167 0.121706 0.168333
12 0.252823 0.333333 0.342535 0.263333
15 0.373275 0.510000 0.121706 0.110000
15 0.080301 0.400833 0.020075 0.078333
16 0.154956 0.528333 0.104141 0.123333
3 0.182560 0.620000 0.254705 0.446667
20 0.496236 0.165000 0.437892 0.033333
19 0.904015 0.344167 0.056462 0.058333
1 0.893977 0.534167 0.074028 0.158333
11 0.594730 0.781667 0.185696 0.330000
18 0.326223 0.749167 0.524467 0.361667
9 0.721455 0.433333 0.165621 0.483333
4 0.828733 0.400833 0.141782 0.395000
14 0.905270 0.456667 0.076537 0.186667
5 0.783563 0.620833 0.164366 0.155000
3 0.279799 0.190000 0.281054 0.070000
15 0.280427 0.514167 0.099122 0.105000