1 0.538896 0.652500 0.154329 0.228333
14 0.539523 0.490000 0.228356 0.263333
10 0.725220 0.551667 0.175659 0.076667
6 0.860728 0.505833 0.117942 0.151667
17 0.744040 0.620833 0.366374 0.251667
13 0.684442 0.413333 0.427854 0.206667
7 0.524467 0.289167 0.318695 0.165000
5 0.330615 0.569167 0.254705 0.155000
4 0.346926 0.409167 0.171895 0.401667
20 0.352572 0.204167 0.391468 0.055000
8 0.341907 0.282500 0.146801 0.145000
19 0.376412 0.355833 0.107905 0.068333
9 0.215809 0.366667 0.138018 0.320000
2 0.238394 0.271667 0.090339 0.130000
2 0.160602 0.256667 0.062735 0.090000
0 0.133626 0.334167 0.046424 0.105000
15 0.111041 0.325000 0.006274 0.056667
11 0.175659 0.481667 0.065245 0.123333
16 0.892723 0.588333 0.061481 0.103333
2 0.184442 0.262500 0.042660 0.095000
18 0.127353 0.415833 0.031368 0.081667