7 0.597744 0.102500 0.416040 0.198333
8 0.827694 0.111667 0.028822 0.160000
8 0.901003 0.089167 0.110276 0.168333
4 0.894110 0.268333 0.189223 0.533333
1 0.692982 0.635000 0.185464 0.280000
17 0.384712 0.630833 0.516291 0.391667
10 0.451128 0.437500 0.295739 0.171667
13 0.424812 0.282500 0.553885 0.301667
16 0.169173 0.605833 0.115288 0.168333
5 0.904762 0.455833 0.190476 0.215000
14 0.685464 0.353333 0.280702 0.443333
2 0.987469 0.052500 0.025063 0.101667
9 0.979323 0.196667 0.041353 0.383333
11 0.983709 0.420833 0.032581 0.061667
19 0.892857 0.184167 0.141604 0.151667
6 0.211153 0.445000 0.169173 0.226667