10 0.602987 0.529412 0.143082 0.126050
10 0.805818 0.432773 0.064465 0.096639
6 0.751572 0.507353 0.154088 0.123950
17 0.690252 0.584034 0.330189 0.298319
5 0.300314 0.606092 0.235849 0.144958
11 0.161950 0.519958 0.062893 0.144958
1 0.486635 0.650210 0.143082 0.245798
7 0.449686 0.323529 0.283019 0.134454
13 0.602987 0.432773 0.426101 0.189076
8 0.279088 0.328782 0.086478 0.111345
19 0.304245 0.378151 0.080189 0.054622
4 0.292453 0.443277 0.154088 0.357143
9 0.194182 0.412815 0.099057 0.292017
14 0.465409 0.514706 0.238994 0.256303
20 0.362421 0.258403 0.256289 0.033613
0 0.132862 0.425420 0.045597 0.161765
2 0.169025 0.332983 0.014151 0.048319
2 0.205975 0.327731 0.056604 0.092437