20 0.366667 0.105357 0.361905 0.067857
10 0.650794 0.576786 0.180952 0.146429
10 0.850000 0.428571 0.036508 0.121429
7 0.520635 0.237500 0.330159 0.282143
5 0.303175 0.741071 0.177778 0.203571
19 0.644444 0.226786 0.012698 0.017857
19 0.334921 0.346429 0.066667 0.100000
8 0.330952 0.267857 0.138095 0.300000
2 0.234127 0.232143 0.087302 0.228571
6 0.805556 0.533929 0.119048 0.153571
13 0.646825 0.412500 0.411111 0.246429
11 0.201587 0.619643 0.076190 0.253571
1 0.485714 0.835714 0.158730 0.328571
17 0.700794 0.721429 0.395238 0.557143
14 0.762698 0.342857 0.144444 0.107143
14 0.487302 0.541071 0.222222 0.346429
4 0.326984 0.451786 0.146032 0.667857
9 0.222222 0.389286 0.104762 0.535714
18 0.155556 0.483929 0.019048 0.110714
2 0.184921 0.216071 0.065079 0.167857
0 0.158730 0.369643 0.031746 0.167857
16 0.862698 0.773214 0.055556 0.160714