11 0.103937 0.522246 0.062992 0.167373
5 0.214961 0.614407 0.203150 0.152542
2 0.114961 0.247881 0.053543 0.093220
2 0.170079 0.245763 0.085039 0.131356
9 0.155906 0.369703 0.122835 0.396186
0 0.088976 0.408898 0.074016 0.245763
19 0.280315 0.322034 0.119685 0.067797
19 0.676378 0.315678 0.023622 0.021186
8 0.259055 0.266949 0.108661 0.177966
4 0.259843 0.411017 0.173228 0.483051
14 0.476378 0.510593 0.329134 0.398305
7 0.489764 0.256356 0.359055 0.161017
13 0.642520 0.393008 0.481890 0.129237
6 0.826772 0.507415 0.173228 0.167373
10 0.660630 0.500000 0.253543 0.127119
17 0.686614 0.680085 0.472441 0.279661
20 0.333858 0.172669 0.387402 0.044492
1 0.437008 0.712924 0.193701 0.336864