10 0.237783 0.563322 0.232420 0.175987
17 0.199046 0.672697 0.319428 0.401316
6 0.091776 0.545230 0.088200 0.139803
13 0.243147 0.412007 0.374255 0.231908
7 0.441597 0.276316 0.377831 0.213816
20 0.609058 0.166118 0.319428 0.042763
19 0.584625 0.366776 0.163290 0.138158
8 0.679976 0.286184 0.175209 0.184211
2 0.831943 0.270559 0.088200 0.136513
2 0.883194 0.267270 0.016687 0.070724
15 0.927890 0.354441 0.020262 0.080592
11 0.865316 0.563322 0.102503 0.172697
1 0.399285 0.754934 0.214541 0.299342
14 0.412992 0.535362 0.256257 0.366776
4 0.657330 0.443257 0.256257 0.537829
9 0.840286 0.393914 0.150179 0.425987
0 0.722884 0.536184 0.420739 0.427632