14 0.932056 0.370370 0.048780 0.185185
15 0.513937 0.430556 0.240418 0.152778
15 0.358885 0.437500 0.121951 0.087963
15 0.124564 0.379630 0.047038 0.087963
12 0.436411 0.214120 0.423345 0.136574
11 0.693380 0.662037 0.142857 0.324074
9 0.777003 0.359954 0.174216 0.446759
8 0.838850 0.208333 0.109756 0.129630
18 0.398955 0.619213 0.627178 0.428241
19 0.919861 0.256944 0.066202 0.046296
20 0.607143 0.145833 0.430314 0.060185
3 0.317944 0.431713 0.430314 0.326389
4 0.851916 0.334491 0.149826 0.395833
5 0.843206 0.547454 0.149826 0.182870
0 0.601045 0.424769 0.365854 0.321759
1 0.922474 0.432870 0.064460 0.166667
2 0.758711 0.212963 0.127178 0.134259
2 0.678571 0.223380 0.047038 0.113426