17 0.369837 0.578773 0.737171 0.587065
6 0.143930 0.395522 0.257822 0.200663
16 0.061952 0.539801 0.113892 0.144279
10 0.428661 0.310116 0.344180 0.238806
13 0.379224 0.222222 0.643304 0.202322
14 0.715269 0.367330 0.346683 0.532338
1 0.741552 0.659204 0.188986 0.485904
4 0.920526 0.294362 0.153942 0.585406
9 0.984981 0.179104 0.025031 0.096186
9 0.943054 0.049751 0.023780 0.029851
7 0.630163 0.085406 0.419274 0.167496
2 0.987484 0.169983 0.022528 0.064677
2 0.945557 0.056385 0.011264 0.009950
8 0.933041 0.165837 0.081352 0.046434
8 0.903630 0.058872 0.067584 0.107794
19 0.932416 0.106965 0.130163 0.091211
5 0.937422 0.574627 0.122653 0.124378