9 0.761821 0.320253 0.168126 0.524051
2 0.753065 0.154430 0.112084 0.146835
2 0.681261 0.201266 0.038529 0.088608
4 0.843257 0.274684 0.120841 0.407595
8 0.836252 0.163291 0.071804 0.144304
14 0.909807 0.311392 0.047285 0.162025
1 0.912434 0.391139 0.038529 0.174684
11 0.688266 0.639241 0.143608 0.367089
5 0.823993 0.515190 0.134851 0.174684
18 0.368651 0.616456 0.628722 0.437975
15 0.448336 0.384810 0.259194 0.172152
0 0.572680 0.391139 0.336252 0.301266
20 0.535026 0.064557 0.302977 0.053165
12 0.406305 0.153165 0.423818 0.164557
3 0.295096 0.373418 0.436077 0.296203
19 0.898424 0.198734 0.038529 0.068354