11 0.190810 0.520270 0.076324 0.175676
1 0.489097 0.733784 0.146417 0.278378
7 0.508567 0.263514 0.331776 0.218919
15 0.153427 0.305405 0.017134 0.043243
20 0.363707 0.156757 0.294393 0.043243
5 0.296729 0.598649 0.185358 0.159459
0 0.174455 0.398649 0.059190 0.240541
19 0.343458 0.374324 0.070093 0.094595
16 0.812305 0.658108 0.079439 0.132432
10 0.627726 0.547297 0.180685 0.186486
13 0.639408 0.424324 0.375389 0.243243
6 0.771807 0.716216 0.144860 0.129730
17 0.683022 0.639189 0.350467 0.354054
2 0.193146 0.250000 0.015576 0.105405
8 0.318536 0.287838 0.110592 0.208108
9 0.218069 0.370270 0.090343 0.405405
4 0.318536 0.416216 0.141745 0.497297
14 0.472741 0.518919 0.179128 0.345946
2 0.227414 0.252703 0.052960 0.137838