7 0.562281 0.302784 0.310526 0.118329
20 0.641228 0.241299 0.282456 0.046404
13 0.442105 0.436195 0.470175 0.167053
5 0.756140 0.591647 0.143860 0.157773
6 0.290351 0.531323 0.194737 0.120650
10 0.227193 0.460557 0.096491 0.118329
10 0.504386 0.506961 0.208772 0.132251
17 0.375439 0.653132 0.428070 0.317865
14 0.630702 0.484919 0.170175 0.269142
1 0.619298 0.679814 0.122807 0.292343
11 0.842105 0.512761 0.042105 0.153132
0 0.850000 0.392111 0.036842 0.125290
9 0.810526 0.392111 0.087719 0.287703
2 0.800877 0.302784 0.061404 0.095128
4 0.756140 0.415313 0.098246 0.343387
8 0.750000 0.313225 0.064912 0.125290