16 0.100704 0.609434 0.083099 0.128302
6 0.126761 0.508491 0.126761 0.149057
10 0.324648 0.518868 0.291549 0.132075
17 0.302113 0.637736 0.497183 0.366038
13 0.359859 0.389623 0.564789 0.216981
14 0.533803 0.480189 0.332394 0.330189
1 0.567606 0.663208 0.180282 0.337736
5 0.782394 0.574528 0.223944 0.164151
19 0.769014 0.290566 0.092958 0.090566
7 0.542958 0.213208 0.370423 0.147170
20 0.711268 0.142453 0.369014 0.047170
8 0.763380 0.226415 0.132394 0.158491
4 0.769014 0.384906 0.183099 0.494340
2 0.859155 0.208491 0.087324 0.122642
2 0.897183 0.199057 0.016901 0.047170
9 0.873239 0.332075 0.132394 0.384906
0 0.930282 0.378302 0.074648 0.243396
11 0.919014 0.462264 0.085915 0.173585