7 0.548866 0.285548 0.465969 0.296037
13 0.345550 0.425408 0.547993 0.356643
10 0.372600 0.650350 0.315881 0.195804
10 0.064572 0.393939 0.045375 0.121212
6 0.178010 0.532634 0.268761 0.286713
17 0.260035 0.689977 0.520070 0.582751
16 0.035777 0.653846 0.064572 0.142191
14 0.581152 0.594406 0.247818 0.331002
1 0.550611 0.821678 0.193717 0.300699
20 0.683246 0.185315 0.319372 0.109557
19 0.777487 0.469697 0.113438 0.109557
8 0.791449 0.360140 0.211169 0.207459
4 0.783595 0.481352 0.240838 0.468531
5 0.741710 0.706294 0.184991 0.121212
11 0.884817 0.586247 0.055846 0.132867
2 0.906632 0.337995 0.033159 0.121212
15 0.940663 0.407925 0.017452 0.046620
9 0.896161 0.432401 0.085515 0.365967