18 0.052966 0.638393 0.105932 0.334821
15 0.056497 0.392857 0.112994 0.191964
3 0.076977 0.304688 0.153955 0.225446
12 0.045198 0.327009 0.053672 0.073661
2 0.269068 0.281250 0.278249 0.191964
5 0.546610 0.712054 0.494350 0.151786
8 0.562853 0.284598 0.326271 0.185268
4 0.586864 0.440848 0.413842 0.529018
8 0.769068 0.330357 0.083333 0.093750
19 0.751412 0.383929 0.042373 0.102679
11 0.186441 0.764509 0.197740 0.270089
1 0.865819 0.612723 0.138418 0.216518
0 0.246469 0.537946 0.411017 0.375000
20 0.351695 0.208705 0.468927 0.140625
13 0.855226 0.339286 0.153955 0.084821
10 0.918079 0.402902 0.079096 0.082589
17 0.939972 0.530134 0.049435 0.207589
14 0.853814 0.511161 0.165254 0.263393