2 0.315789 0.245902 0.143860 0.145199
2 0.430702 0.242389 0.075439 0.110070
8 0.200877 0.258782 0.103509 0.161593
19 0.115789 0.327869 0.052632 0.046838
11 0.430702 0.716628 0.152632 0.295082
1 0.120175 0.504684 0.064912 0.161593
9 0.301754 0.405152 0.175439 0.487119
4 0.192982 0.373536 0.147368 0.419204
18 0.702632 0.647541 0.528070 0.400468
12 0.653509 0.186183 0.356140 0.077283
20 0.375439 0.155738 0.224561 0.049180
15 0.633333 0.398126 0.157895 0.299766
0 0.496491 0.434426 0.347368 0.423888
5 0.245614 0.621780 0.221053 0.189696
14 0.105263 0.395785 0.056140 0.107728
3 0.715789 0.365340 0.449123 0.430913