20 0.297476 0.076800 0.381010 0.048000
7 0.475962 0.190400 0.372596 0.195200
13 0.677885 0.406400 0.533654 0.300800
1 0.470553 0.732000 0.193510 0.308800
10 0.685096 0.587200 0.254808 0.166400
6 0.912260 0.640800 0.086538 0.152000
17 0.748798 0.696000 0.449519 0.451200
14 0.475962 0.482400 0.300481 0.392000
9 0.113582 0.280800 0.116587 0.408000
2 0.129808 0.150400 0.064904 0.115200
11 0.076322 0.412000 0.068510 0.168000
5 0.226562 0.545600 0.275240 0.284800
4 0.242788 0.356800 0.201923 0.563200
8 0.251803 0.200800 0.152644 0.212800
19 0.231971 0.280000 0.110577 0.115200
0 0.060697 0.292800 0.061298 0.240000