2 0.135017 0.187209 0.099303 0.127907
1 0.399826 0.673256 0.168990 0.341860
0 0.058362 0.303488 0.040070 0.169767
5 0.207317 0.555814 0.219512 0.227907
4 0.223868 0.360465 0.165505 0.493023
20 0.379791 0.118605 0.275261 0.037209
19 0.246516 0.265116 0.109756 0.074419
17 0.695993 0.658140 0.555749 0.479070
14 0.436411 0.454651 0.294425 0.346512
13 0.650697 0.384884 0.573171 0.225581
11 0.088850 0.422093 0.062718 0.160465
10 0.636760 0.536047 0.297909 0.141860
9 0.128920 0.301163 0.128920 0.369767
8 0.222997 0.190698 0.108014 0.139535
7 0.467770 0.211628 0.388502 0.172093
6 0.875436 0.539535 0.179443 0.167442