12 0.550788 0.223131 0.292469 0.119159
19 0.118214 0.242991 0.057793 0.037383
15 0.593695 0.466121 0.227671 0.142523
15 0.899299 0.380841 0.015762 0.060748
18 0.654116 0.679907 0.548161 0.439252
20 0.407180 0.146028 0.397548 0.049065
2 0.286340 0.217290 0.085814 0.121495
8 0.214536 0.212617 0.134851 0.121495
3 0.612084 0.403037 0.590193 0.301402
11 0.374781 0.635514 0.147110 0.285047
1 0.123468 0.401869 0.061296 0.154206
0 0.379159 0.435748 0.327496 0.329439
4 0.209282 0.341121 0.145359 0.378505
14 0.107706 0.355140 0.071804 0.196262