0 0.374218 0.366057 0.460576 0.489185
18 0.688986 0.589018 0.622028 0.495840
11 0.364831 0.668885 0.196496 0.392679
2 0.242804 0.077371 0.172716 0.154742
12 0.682728 0.105657 0.516896 0.211314
3 0.754068 0.321131 0.476846 0.409318
15 0.503755 0.347754 0.261577 0.183028
5 0.086984 0.414309 0.161452 0.202995
4 0.084481 0.227121 0.168961 0.454243
1 0.029412 0.363561 0.058824 0.111481
8 0.091364 0.070715 0.140175 0.141431
19 0.011264 0.082363 0.022528 0.068220
15 0.988736 0.238769 0.020025 0.118136
14 0.011890 0.266223 0.021277 0.096506