18 0.083333 0.618421 0.075556 0.208134
9 0.335000 0.423445 0.254444 0.583732
11 0.201667 0.710526 0.163333 0.315789
12 0.103333 0.244019 0.055556 0.119617
17 0.938889 0.592105 0.057778 0.246411
4 0.588333 0.421053 0.292222 0.578947
1 0.827778 0.661483 0.157778 0.303828
7 0.675000 0.224880 0.203333 0.200957
10 0.926667 0.431818 0.075556 0.074163
19 0.680000 0.326555 0.031111 0.074163
0 0.190000 0.473684 0.268889 0.473684
14 0.831111 0.549043 0.231111 0.332536
5 0.513889 0.739234 0.447778 0.052632
20 0.347222 0.151914 0.452222 0.150718
15 0.105556 0.383971 0.108889 0.179426
3 0.126667 0.235646 0.120000 0.184211
13 0.868333 0.348086 0.181111 0.150718
2 0.205000 0.248804 0.103333 0.124402