3 0.772230 0.209619 0.195622 0.099819
3 0.784542 0.592559 0.367989 0.535390
16 0.943912 0.587114 0.032832 0.110708
12 0.813953 0.306715 0.229822 0.199637
15 0.746922 0.509982 0.254446 0.123412
11 0.570451 0.751361 0.240766 0.308530
20 0.494528 0.181488 0.581395 0.083485
2 0.441176 0.277677 0.233926 0.134301
0 0.534884 0.495463 0.451436 0.341198
4 0.225034 0.424682 0.258550 0.428312
8 0.242818 0.278584 0.220246 0.132486
5 0.282490 0.640653 0.335157 0.196007
1 0.090971 0.501815 0.069767 0.183303
14 0.069767 0.395644 0.076607 0.083485
17 0.043776 0.460073 0.049248 0.136116
13 0.062244 0.345735 0.061560 0.038113