1 0.450871 0.760286 0.200249 0.343470
11 0.916045 0.495528 0.095771 0.186047
6 0.084577 0.573345 0.156716 0.148479
10 0.258706 0.569767 0.271144 0.205725
13 0.249378 0.420394 0.478856 0.268336
7 0.467040 0.250447 0.389303 0.221825
17 0.196517 0.775492 0.385572 0.295170
14 0.466418 0.532200 0.276119 0.409660
19 0.669776 0.344365 0.085821 0.069767
0 0.944652 0.341682 0.075871 0.225403
20 0.692164 0.133274 0.461443 0.051878
4 0.685323 0.423971 0.233831 0.561717
9 0.864428 0.365832 0.149254 0.441860
2 0.840796 0.225403 0.097015 0.164580
8 0.683458 0.263864 0.227612 0.237925
2 0.909204 0.205725 0.052239 0.085868