10 0.488027 0.794271 0.218928 0.119792
6 0.734322 0.431424 0.264538 0.140625
20 0.309008 0.026042 0.319270 0.052083
2 0.095211 0.162326 0.037628 0.164931
0 0.062714 0.413194 0.011403 0.107639
11 0.107754 0.518229 0.062714 0.154514
9 0.087229 0.302951 0.058153 0.460069
8 0.173318 0.185764 0.013683 0.107639
8 0.135690 0.151910 0.063854 0.182292
4 0.145382 0.348090 0.106043 0.609375
1 0.293044 0.742188 0.161916 0.394097
5 0.151653 0.604167 0.107184 0.170139
19 0.134550 0.233507 0.057013 0.144097
14 0.254276 0.410590 0.173318 0.463542
16 0.811288 0.605903 0.163056 0.180556
10 0.429875 0.412326 0.282782 0.251736
10 0.859749 0.322049 0.059293 0.116319
17 0.578107 0.616319 0.697834 0.611111
13 0.560433 0.284722 0.589510 0.197917
7 0.412771 0.118924 0.478905 0.171875