10 0.700743 0.575269 0.325898 0.218638
13 0.654895 0.342294 0.630731 0.333333
19 0.252788 0.274194 0.151177 0.089606
6 0.897770 0.532258 0.152416 0.250896
17 0.737918 0.753584 0.486989 0.413978
14 0.432466 0.503584 0.262701 0.369176
7 0.475217 0.156810 0.427509 0.195341
8 0.236679 0.188172 0.138786 0.193548
2 0.126394 0.164875 0.066914 0.150538
9 0.112144 0.305556 0.127633 0.446237
4 0.243494 0.373656 0.189591 0.589606
0 0.047708 0.290323 0.048327 0.197133
1 0.441140 0.739247 0.158612 0.327957
11 0.083024 0.441756 0.084263 0.177419
20 0.298637 0.065412 0.426270 0.062724
2 0.084263 0.153226 0.022305 0.080645
5 0.230483 0.594086 0.252788 0.252688