11 0.860465 0.441435 0.042082 0.142020
2 0.829457 0.194729 0.059801 0.131772
9 0.836102 0.292826 0.090808 0.357247
8 0.758583 0.221816 0.097453 0.191801
19 0.754707 0.317716 0.111849 0.096633
4 0.773533 0.368228 0.129568 0.510981
14 0.641196 0.489751 0.172757 0.349927
10 0.468439 0.532943 0.274640 0.181552
7 0.518272 0.231332 0.434109 0.231332
20 0.620155 0.106149 0.294574 0.036603
13 0.387043 0.398975 0.539313 0.247438
17 0.351606 0.648609 0.534884 0.450952
1 0.628461 0.718887 0.136213 0.292826
5 0.770764 0.565154 0.148394 0.210835
0 0.881506 0.284773 0.024363 0.136164
15 0.886489 0.239385 0.016611 0.027818
6 0.238095 0.600293 0.223699 0.146413