8 0.188125 0.196995 0.146250 0.190317
4 0.186250 0.299666 0.197500 0.462437
19 0.100000 0.264608 0.042500 0.048414
1 0.087500 0.449917 0.067500 0.208681
20 0.513125 0.053422 0.508750 0.036728
18 0.746875 0.650250 0.496250 0.415693
9 0.341250 0.336394 0.275000 0.549249
2 0.349375 0.201169 0.211250 0.225376
12 0.751250 0.217028 0.362500 0.253756
0 0.490000 0.494992 0.307500 0.342237
15 0.660000 0.514190 0.252500 0.170284
3 0.806250 0.431553 0.327500 0.308848
5 0.248750 0.586811 0.252500 0.222037
18 0.698125 0.085977 0.263750 0.058431
3 0.698125 0.085142 0.263750 0.056761
11 0.491250 0.745409 0.227500 0.348915
14 0.085000 0.381469 0.077500 0.212020