7 0.411164 0.204449 0.375786 0.150424
20 0.363994 0.135593 0.275157 0.046610
19 0.602201 0.261653 0.028302 0.031780
19 0.163522 0.257415 0.078616 0.074153
1 0.233491 0.636653 0.092767 0.324153
11 0.135220 0.405720 0.034591 0.171610
10 0.398585 0.485169 0.221698 0.148305
10 0.837264 0.460805 0.039308 0.103814
17 0.578616 0.652542 0.663522 0.411017
6 0.676887 0.505297 0.306604 0.158898
13 0.533019 0.377119 0.581761 0.207627
14 0.268082 0.436441 0.152516 0.343220
8 0.194182 0.199153 0.042453 0.144068
4 0.181604 0.342161 0.086478 0.451271
2 0.176101 0.179025 0.053459 0.086864
9 0.165881 0.274364 0.083333 0.307203