7 0.476852 0.266004 0.444444 0.253863
20 0.662809 0.121413 0.381173 0.057395
5 0.777778 0.641280 0.262346 0.218543
0 0.944444 0.380795 0.089506 0.333333
19 0.713735 0.401766 0.112654 0.132450
13 0.315586 0.474614 0.535494 0.322296
10 0.318673 0.591611 0.331790 0.194260
6 0.118056 0.757174 0.174383 0.238411
8 0.743056 0.247241 0.152778 0.207506
1 0.516204 0.800221 0.180556 0.324503
4 0.739969 0.431567 0.226852 0.607064
14 0.533179 0.590508 0.233025 0.350993
2 0.869599 0.213024 0.100309 0.152318
2 0.923611 0.185430 0.041667 0.088300
11 0.939815 0.514349 0.083333 0.194260
9 0.881944 0.357616 0.149691 0.463576
17 0.260031 0.722958 0.467593 0.421634
8 0.628086 0.353201 0.055556 0.123620