16 0.168126 0.717799 0.098074 0.133489
1 0.660245 0.641686 0.119089 0.313817
6 0.200525 0.599532 0.208406 0.154567
6 0.219790 0.508197 0.204904 0.093677
19 0.766200 0.249415 0.099825 0.077283
10 0.476357 0.543326 0.241681 0.224824
17 0.357268 0.646370 0.539405 0.393443
13 0.384413 0.406323 0.569177 0.259953
7 0.516637 0.206089 0.381786 0.192037
4 0.765324 0.327869 0.112084 0.477752
2 0.803853 0.153396 0.066550 0.114754
9 0.808231 0.268150 0.103327 0.362998
14 0.631349 0.435597 0.190893 0.337237
5 0.781086 0.501171 0.119089 0.201405
11 0.849387 0.370023 0.056042 0.154567
0 0.862522 0.242389 0.036778 0.152225
20 0.597198 0.099532 0.283713 0.058548
19 0.355517 0.236534 0.024518 0.032787