18 0.625874 0.622951 0.615385 0.444965
15 0.506119 0.413349 0.222028 0.124122
15 0.664336 0.398126 0.101399 0.112412
15 0.911713 0.367681 0.029720 0.079625
3 0.708916 0.437939 0.431818 0.388759
12 0.560315 0.193208 0.442308 0.142857
11 0.289336 0.652225 0.134615 0.325527
1 0.055070 0.402810 0.029720 0.154567
0 0.408217 0.405152 0.410839 0.384075
9 0.206294 0.347775 0.160839 0.475410
4 0.136364 0.307963 0.143357 0.386417
19 0.065559 0.245902 0.068182 0.070258
14 0.055944 0.351288 0.045455 0.192037
17 0.034091 0.345433 0.012238 0.063232
5 0.145979 0.539813 0.148601 0.189696
8 0.145979 0.186183 0.103147 0.119438
2 0.219406 0.188525 0.103147 0.133489
2 0.314685 0.206089 0.059441 0.103044
20 0.395105 0.113583 0.300699 0.039813