19 0.284091 0.358333 0.159091 0.097619
1 0.680944 0.777381 0.365385 0.445238
7 0.484266 0.242857 0.416084 0.204762
13 0.745629 0.310714 0.505245 0.145238
10 0.903846 0.559524 0.192308 0.147619
14 0.694056 0.566667 0.608392 0.457143
17 0.915210 0.816667 0.169580 0.366667
5 0.254371 0.754762 0.477273 0.228571
4 0.246503 0.492857 0.391608 0.638095
8 0.242133 0.290476 0.298951 0.204762
20 0.358392 0.150000 0.297203 0.047619
2 0.042832 0.295238 0.085664 0.142857
9 0.063811 0.453571 0.127622 0.473810
11 0.032343 0.675000 0.064685 0.135714