3 0.923995 0.176717 0.066583 0.041876
5 0.746231 0.581240 0.238693 0.241206
19 0.383794 0.213568 0.028894 0.038526
17 0.227387 0.691792 0.371859 0.217755
14 0.533291 0.547739 0.325377 0.395310
17 0.052136 0.526801 0.023869 0.152429
11 0.906407 0.407035 0.084171 0.170854
0 0.908920 0.332496 0.104271 0.276382
2 0.871859 0.204355 0.052764 0.107203
4 0.783920 0.385260 0.195980 0.469012
19 0.754397 0.348409 0.126884 0.107203
20 0.649497 0.132328 0.326633 0.073702
7 0.532035 0.246231 0.400754 0.237856
13 0.353643 0.444724 0.571608 0.370184
10 0.099874 0.427136 0.081658 0.160804
1 0.526382 0.729481 0.188442 0.316583
10 0.337940 0.625628 0.268844 0.169179
16 0.092337 0.668342 0.099246 0.167504
6 0.109296 0.592127 0.123116 0.169179
8 0.787688 0.239531 0.115578 0.174204