7 0.520930 0.310773 0.266667 0.190608
15 0.875969 0.381215 0.012403 0.044199
20 0.641860 0.218232 0.288372 0.044199
5 0.688372 0.674033 0.226357 0.149171
0 0.855814 0.412983 0.049612 0.146409
19 0.647287 0.395028 0.075969 0.077348
16 0.220930 0.598066 0.048062 0.096685
13 0.380620 0.408840 0.348837 0.176796
10 0.358140 0.564917 0.145736 0.102210
6 0.230233 0.530387 0.054264 0.082873
8 0.671318 0.320442 0.124031 0.154696
1 0.493023 0.748619 0.136434 0.287293
4 0.672868 0.464088 0.155039 0.464088
14 0.486047 0.546961 0.234109 0.331492
2 0.782171 0.309392 0.066667 0.121547
2 0.827132 0.309392 0.038760 0.093923
11 0.821705 0.593923 0.086822 0.187845
9 0.786047 0.430939 0.102326 0.392265
18 0.874419 0.495856 0.015504 0.080110
17 0.324806 0.639503 0.271318 0.383978