1 0.881529 0.587269 0.078981 0.201232
11 0.565605 0.784394 0.152866 0.316222
15 0.132484 0.448665 0.035669 0.080082
15 0.406369 0.500000 0.224204 0.129363
19 0.846497 0.360370 0.039490 0.055441
3 0.284076 0.426078 0.328662 0.535934
12 0.271975 0.305955 0.281529 0.205339
18 0.335032 0.676591 0.463694 0.396304
0 0.533758 0.547228 0.267516 0.334702
5 0.755414 0.691992 0.221656 0.143737
20 0.491083 0.179671 0.528662 0.117043
14 0.891083 0.492813 0.080255 0.262834
9 0.671338 0.453799 0.198726 0.525667
2 0.655414 0.293634 0.149045 0.180698
2 0.538854 0.296715 0.104459 0.190965
4 0.786624 0.434292 0.171975 0.482546
8 0.768153 0.297741 0.109554 0.180698
8 0.830573 0.306982 0.045860 0.071869