14 0.472397 0.531579 0.209779 0.258947
1 0.450315 0.729474 0.102524 0.263158
10 0.598580 0.614737 0.162461 0.101053
17 0.691640 0.686316 0.427445 0.315789
6 0.791009 0.656842 0.197161 0.235789
13 0.648265 0.480000 0.473186 0.193684
0 0.232650 0.441053 0.045741 0.187368
9 0.277603 0.421053 0.091483 0.307368
2 0.257098 0.326316 0.031546 0.071579
2 0.288644 0.330526 0.053628 0.101053
4 0.337539 0.454737 0.107256 0.374737
5 0.320189 0.605263 0.141956 0.149474
11 0.235804 0.528421 0.033123 0.134737
8 0.341483 0.331579 0.055205 0.107368
19 0.343849 0.390526 0.082019 0.069474
19 0.646688 0.349474 0.028391 0.033684
7 0.515773 0.345263 0.296530 0.143158
20 0.449527 0.270526 0.233438 0.023158