1 0.532541 0.784560 0.188986 0.312388
11 0.123279 0.531418 0.086358 0.165171
10 0.764706 0.675045 0.190238 0.129264
6 0.907384 0.595153 0.072591 0.116697
17 0.765957 0.710054 0.400501 0.421903
10 0.946809 0.500000 0.021277 0.077199
13 0.677722 0.470377 0.531915 0.301616
14 0.546934 0.569120 0.370463 0.333932
4 0.279725 0.453321 0.191489 0.500898
8 0.268461 0.297127 0.123905 0.170557
19 0.310388 0.401257 0.107635 0.087971
9 0.145807 0.394973 0.133917 0.387792
2 0.155820 0.284560 0.098874 0.145422
2 0.107635 0.269300 0.072591 0.122083
0 0.071965 0.372531 0.041302 0.152603
5 0.276596 0.641831 0.285357 0.213645
20 0.316020 0.191203 0.406758 0.066427
7 0.494994 0.303411 0.384230 0.247756