15 0.619180 0.449102 0.209534 0.195609
15 0.872506 0.383234 0.031042 0.123752
16 0.803769 0.684631 0.110865 0.139721
18 0.693459 0.664671 0.404656 0.471058
12 0.684035 0.211577 0.341463 0.243513
3 0.651885 0.101796 0.277162 0.107784
3 0.730044 0.430140 0.298226 0.317365
11 0.473392 0.795409 0.186253 0.401198
0 0.476718 0.500998 0.230599 0.455090
19 0.138581 0.266467 0.044346 0.081836
2 0.373614 0.184631 0.170732 0.205589
8 0.231707 0.185629 0.139690 0.195609
9 0.357539 0.391218 0.233925 0.658683
4 0.221729 0.354291 0.192905 0.580838
1 0.119180 0.510978 0.087583 0.231537
14 0.105876 0.402196 0.065410 0.269461
5 0.256098 0.647705 0.246120 0.217565
20 0.455100 0.069860 0.422395 0.079840
8 0.160754 0.219561 0.019956 0.055888