14 0.395735 0.442227 0.428120 0.350840
13 0.588468 0.356092 0.642970 0.250000
17 0.635861 0.627101 0.652449 0.544118
19 0.144550 0.243697 0.124803 0.096639
1 0.305687 0.681723 0.146919 0.371849
11 0.067141 0.383403 0.064771 0.170168
20 0.322275 0.070378 0.322275 0.031513
4 0.149289 0.309874 0.127962 0.460084
8 0.158768 0.157563 0.077409 0.134454
9 0.092417 0.260504 0.102686 0.357143
2 0.102686 0.147059 0.072670 0.117647
0 0.042654 0.235294 0.028436 0.121849
6 0.816746 0.508403 0.246445 0.151261
6 0.849921 0.636555 0.192733 0.176471
10 0.522907 0.564076 0.278041 0.195378
16 0.890205 0.717437 0.131122 0.140756
7 0.436019 0.188025 0.467615 0.212185
5 0.155608 0.521008 0.156398 0.231092