1 0.473111 0.777660 0.157490 0.359574
11 0.101793 0.525532 0.090909 0.225532
10 0.628041 0.635106 0.190781 0.146809
19 0.626120 0.286170 0.028169 0.040426
19 0.275288 0.361702 0.092190 0.119149
0 0.115237 0.424468 0.125480 0.338298
5 0.253521 0.667021 0.276569 0.248936
20 0.341869 0.173404 0.366197 0.065957
14 0.452625 0.556383 0.244558 0.397872
8 0.258643 0.284043 0.148528 0.180851
2 0.166453 0.252128 0.081946 0.108511
4 0.244558 0.450000 0.199744 0.529787
7 0.481434 0.276596 0.348271 0.191489
17 0.717670 0.710638 0.431498 0.412766
13 0.638284 0.473404 0.533931 0.282979
18 0.046735 0.410638 0.019206 0.200000