2 0.109756 0.303488 0.101045 0.132558
1 0.442509 0.743023 0.170732 0.309302
0 0.049652 0.431395 0.085366 0.211628
6 0.878049 0.604651 0.146341 0.200000
5 0.208188 0.636047 0.228223 0.179070
4 0.226481 0.463953 0.184669 0.472093
20 0.316202 0.216279 0.332753 0.041860
18 0.027875 0.469767 0.031359 0.125581
19 0.246516 0.395349 0.109756 0.069767
17 0.715157 0.739535 0.475610 0.311628
14 0.554007 0.572093 0.487805 0.372093
13 0.650697 0.482558 0.545296 0.290698
11 0.083624 0.527907 0.083624 0.158140
10 0.677700 0.620930 0.257840 0.139535
9 0.103659 0.412791 0.120209 0.365116
8 0.218641 0.323256 0.120209 0.176744
7 0.445993 0.318605 0.372822 0.200000
19 0.594077 0.298837 0.017422 0.016279