7 0.544390 0.236884 0.504316 0.270270
13 0.683724 0.471383 0.548705 0.281399
20 0.389026 0.086645 0.390875 0.062003
6 0.869914 0.600159 0.205919 0.157393
16 0.895191 0.705882 0.130703 0.130366
17 0.711467 0.717011 0.559803 0.349762
1 0.429716 0.737679 0.159063 0.298887
14 0.434649 0.532591 0.272503 0.375199
11 0.106658 0.456280 0.065351 0.158983
19 0.264488 0.329889 0.080148 0.074722
2 0.152281 0.186804 0.072750 0.170111
2 0.106042 0.162957 0.049322 0.119237
8 0.241677 0.207472 0.118372 0.201908
8 0.337855 0.325119 0.046856 0.131955
9 0.144883 0.310016 0.109741 0.435612
4 0.239211 0.383943 0.157830 0.577107
0 0.081998 0.286169 0.025894 0.152623
18 0.073366 0.362480 0.035758 0.079491
5 0.237978 0.595390 0.226880 0.236884
10 0.967941 0.534976 0.027127 0.087440