16 0.187814 0.520101 0.086683 0.132328
14 0.900126 0.334171 0.069095 0.175879
0 0.479899 0.416248 0.331658 0.219430
4 0.800251 0.311558 0.155779 0.381910
8 0.783920 0.208543 0.113065 0.155779
20 0.554020 0.115578 0.394472 0.026801
9 0.691583 0.339196 0.177136 0.447236
2 0.546482 0.235343 0.108040 0.199330
2 0.679648 0.224456 0.140704 0.190955
19 0.868719 0.241206 0.064070 0.056951
15 0.099874 0.385260 0.011307 0.103853
18 0.349246 0.618928 0.494975 0.360134
3 0.212940 0.469012 0.227387 0.328308
12 0.261935 0.260469 0.292714 0.206030
1 0.879397 0.438023 0.087940 0.172529
5 0.780151 0.519263 0.193467 0.197655
11 0.592337 0.670017 0.169598 0.301508
15 0.391332 0.493300 0.162060 0.159129
3 0.329774 0.162479 0.285176 0.090452