10 0.580139 0.562061 0.292683 0.149883
9 0.132404 0.371194 0.114983 0.358314
11 0.102787 0.490632 0.062718 0.161593
17 0.650697 0.653396 0.552265 0.430913
4 0.209930 0.421546 0.134146 0.477752
1 0.373693 0.707260 0.155052 0.327869
7 0.452091 0.265808 0.378049 0.161593
13 0.608014 0.393443 0.547038 0.154567
14 0.391986 0.511710 0.254355 0.325527
0 0.075784 0.360656 0.033101 0.126464
5 0.199477 0.593677 0.186411 0.217799
19 0.222125 0.344262 0.106272 0.107728
6 0.813589 0.548009 0.205575 0.182670
8 0.213415 0.256440 0.088850 0.128806
2 0.138502 0.252927 0.074913 0.112412
20 0.358885 0.175644 0.250871 0.028103