6 0.908926 0.596647 0.119421 0.207101
10 0.764174 0.649901 0.213510 0.124260
19 0.355247 0.332347 0.114596 0.084813
17 0.789505 0.767258 0.375151 0.366864
13 0.709288 0.429980 0.484922 0.311637
14 0.559710 0.561144 0.294331 0.392505
7 0.534982 0.228797 0.375151 0.276134
2 0.148372 0.192308 0.137515 0.191321
8 0.324487 0.233728 0.217129 0.278107
1 0.545235 0.810651 0.190591 0.335306
11 0.093486 0.530572 0.100121 0.213018
4 0.311821 0.422091 0.244873 0.650888
9 0.144753 0.351085 0.154403 0.508876
5 0.277443 0.664694 0.325694 0.252465
0 0.075995 0.369822 0.101327 0.353057
20 0.344994 0.079882 0.407720 0.057199