17 0.666084 0.659251 0.475524 0.334895
10 0.562063 0.569087 0.204545 0.131148
10 0.864510 0.462529 0.050699 0.110070
6 0.779720 0.571429 0.202797 0.168618
13 0.633741 0.447307 0.487762 0.252927
14 0.407343 0.482436 0.178322 0.313817
7 0.486014 0.277518 0.388112 0.199063
20 0.369755 0.167447 0.323427 0.049180
0 0.126748 0.336066 0.036713 0.166276
15 0.115385 0.272834 0.017483 0.035129
9 0.179196 0.345433 0.089161 0.344262
4 0.261364 0.371194 0.134615 0.395785
19 0.278846 0.426230 0.054196 0.117096
19 0.632867 0.262295 0.017483 0.018735
1 0.402972 0.665105 0.096154 0.262295
5 0.253497 0.565574 0.174825 0.166276
11 0.143357 0.447307 0.048951 0.140515
8 0.269231 0.269321 0.097902 0.163934
2 0.192308 0.240047 0.052448 0.119438
2 0.164336 0.229508 0.020979 0.074941
2 0.149476 0.231850 0.019231 0.060890