18 0.033217 0.473131 0.010490 0.091121
0 0.085664 0.436916 0.115385 0.247664
11 0.062937 0.500000 0.041958 0.158879
2 0.131119 0.283879 0.059441 0.091121
4 0.206294 0.441589 0.188811 0.453271
5 0.197552 0.620327 0.230769 0.203271
1 0.403846 0.686916 0.160839 0.327103
14 0.520979 0.503505 0.458042 0.306075
10 0.627622 0.558411 0.293706 0.130841
17 0.708042 0.670561 0.479021 0.434579
6 0.859266 0.561916 0.148601 0.147196
13 0.642483 0.427570 0.526224 0.182243
7 0.447552 0.290888 0.349650 0.142523
20 0.345280 0.211449 0.260490 0.025701
8 0.208916 0.285047 0.120629 0.121495
19 0.237762 0.346963 0.108392 0.067757