1 0.173542 0.586502 0.173542 0.207224
11 0.832859 0.627376 0.166430 0.197719
5 0.498578 0.627376 0.470839 0.030418
4 0.452347 0.416350 0.378378 0.403042
19 0.330014 0.355513 0.039829 0.072243
8 0.302987 0.349810 0.014225 0.019011
8 0.479374 0.288973 0.304410 0.129278
2 0.730441 0.290875 0.197724 0.125475
0 0.762447 0.493346 0.392603 0.268061
15 0.954481 0.449620 0.034139 0.085551
12 0.871977 0.308935 0.091038 0.108365
3 0.939545 0.375475 0.055477 0.070342
3 0.812233 0.240494 0.048364 0.036122
20 0.597440 0.215779 0.384068 0.070342
7 0.339972 0.287072 0.184922 0.152091
14 0.159317 0.508555 0.241821 0.199620
13 0.151494 0.354563 0.251778 0.115970
10 0.046942 0.439163 0.059744 0.072243
17 0.046230 0.540875 0.072546 0.153992
18 0.948080 0.563688 0.066856 0.150190