18 0.064685 0.436768 0.020979 0.105386
0 0.081294 0.395785 0.047203 0.201405
9 0.126748 0.367681 0.103147 0.365340
4 0.187937 0.413349 0.117133 0.461358
14 0.362762 0.521077 0.260490 0.292740
1 0.360140 0.761124 0.136364 0.299766
11 0.097028 0.500000 0.043706 0.128806
5 0.187063 0.594848 0.164336 0.187354
2 0.131993 0.263466 0.078671 0.138173
8 0.192308 0.251756 0.066434 0.119438
7 0.430944 0.283372 0.389860 0.201405
20 0.319930 0.173302 0.304196 0.023419
19 0.193182 0.340749 0.092657 0.086651
13 0.590909 0.464871 0.615385 0.264637
10 0.902098 0.517564 0.031469 0.098361
10 0.566434 0.625293 0.251748 0.131148
17 0.659965 0.722482 0.582168 0.395785
6 0.800699 0.585480 0.188811 0.135831