10 0.897802 0.364000 0.037363 0.104000
10 0.598901 0.448000 0.261538 0.115200
16 0.859341 0.564000 0.123077 0.132800
7 0.495604 0.147200 0.389011 0.201600
1 0.421429 0.617600 0.163736 0.332800
11 0.139011 0.377600 0.062637 0.172800
19 0.258791 0.214400 0.095604 0.060800
13 0.631319 0.293600 0.491209 0.187200
20 0.391209 0.041600 0.261538 0.028800
14 0.431319 0.403200 0.251648 0.384000
0 0.129121 0.289600 0.062637 0.227200
6 0.812637 0.640000 0.198901 0.144000
8 0.270330 0.161600 0.123077 0.227200
2 0.184066 0.128000 0.080220 0.153600
4 0.258791 0.297600 0.141758 0.502400
9 0.178571 0.248800 0.106593 0.401600
17 0.686264 0.540800 0.506593 0.454400
5 0.235165 0.487200 0.175824 0.184000