11 0.559072 0.823887 0.189873 0.348178
2 0.490858 0.313765 0.157525 0.315789
2 0.670886 0.314777 0.129395 0.236842
9 0.677918 0.440283 0.171589 0.544534
18 0.386076 0.768219 0.389592 0.277328
15 0.329817 0.776316 0.054852 0.082996
15 0.359353 0.614372 0.066104 0.176113
3 0.220816 0.474696 0.298172 0.665992
0 0.504923 0.576923 0.337553 0.267206
20 0.478200 0.159919 0.585091 0.113360
8 0.781294 0.314777 0.108298 0.188259
4 0.797468 0.432186 0.151899 0.463563
19 0.871308 0.372470 0.063291 0.056680
13 0.907876 0.380567 0.012658 0.020243
14 0.885373 0.490891 0.080169 0.204453
5 0.750352 0.660931 0.192686 0.151822
1 0.874121 0.568826 0.088608 0.186235
12 0.248945 0.315789 0.202532 0.263158