18 0.697485 0.688797 0.569527 0.468880
15 0.625000 0.507261 0.258876 0.184647
15 0.946746 0.390041 0.029586 0.078838
12 0.657544 0.190871 0.442308 0.232365
3 0.684172 0.344398 0.554734 0.585062
0 0.368343 0.478216 0.334320 0.437759
5 0.207101 0.616183 0.213018 0.232365
11 0.405325 0.798755 0.183432 0.394191
2 0.320266 0.175311 0.167160 0.213693
8 0.194527 0.171162 0.152367 0.176349
4 0.181213 0.336100 0.202663 0.526971
19 0.078402 0.247925 0.059172 0.080913
13 0.072485 0.280083 0.038462 0.033195
14 0.076183 0.399378 0.066568 0.213693
1 0.091716 0.462656 0.085799 0.190871
20 0.469675 0.046680 0.386095 0.026971
16 0.846154 0.465768 0.136095 0.118257