11 0.433144 0.750542 0.174964 0.286334
1 0.888336 0.503254 0.103841 0.177874
5 0.692745 0.640998 0.315789 0.210412
4 0.701280 0.434924 0.261735 0.414317
8 0.682788 0.312364 0.193457 0.143167
2 0.507824 0.321041 0.196302 0.143167
0 0.401138 0.540130 0.455192 0.308026
15 0.228307 0.553145 0.143670 0.121475
16 0.118777 0.531453 0.035562 0.082430
18 0.244666 0.626898 0.327169 0.416486
12 0.277383 0.317787 0.275960 0.167028
3 0.166430 0.419740 0.162162 0.149675
20 0.507112 0.244035 0.385491 0.088937
19 0.808677 0.359002 0.041252 0.049892
14 0.871977 0.444685 0.110953 0.208243
10 0.925320 0.389371 0.021337 0.036876
17 0.931010 0.425163 0.012802 0.043384
13 0.832148 0.331887 0.073969 0.021692