18 0.330998 0.595718 0.490368 0.460957
11 0.592820 0.692695 0.159370 0.307305
15 0.434326 0.440806 0.168126 0.156171
15 0.111208 0.324937 0.008757 0.095718
2 0.629597 0.229219 0.047285 0.151134
2 0.697023 0.205290 0.136602 0.178841
9 0.694396 0.358942 0.215412 0.511335
1 0.922942 0.416877 0.091068 0.168766
5 0.784588 0.566751 0.220665 0.206549
4 0.830123 0.324937 0.175131 0.453401
3 0.310858 0.342569 0.394046 0.503778
2 0.556042 0.250630 0.054291 0.098237
0 0.547285 0.448363 0.306480 0.357683
20 0.510508 0.091940 0.446585 0.073048
14 0.932574 0.308564 0.082312 0.173804
17 0.970228 0.346348 0.014011 0.062972
12 0.310858 0.238035 0.345009 0.214106