10 0.399760 0.542074 0.237695 0.180039
1 0.567827 0.780822 0.144058 0.340509
16 0.156062 0.724070 0.136855 0.121331
6 0.201080 0.733855 0.255702 0.277886
10 0.092437 0.522505 0.009604 0.062622
17 0.310324 0.693738 0.474190 0.452055
13 0.336134 0.413894 0.463385 0.260274
7 0.447779 0.225049 0.420168 0.266145
19 0.674670 0.318982 0.139256 0.168297
14 0.562425 0.516634 0.190876 0.379648
8 0.706483 0.217221 0.118848 0.207436
2 0.778511 0.195695 0.061224 0.152642
4 0.716687 0.395303 0.160864 0.606654
5 0.708283 0.652642 0.134454 0.162427
20 0.580432 0.090998 0.322929 0.041096
0 0.808523 0.417808 0.106843 0.389432
15 0.834934 0.262231 0.020408 0.043053