10 0.591071 0.480769 0.322619 0.221612
10 0.880357 0.353480 0.039286 0.062271
17 0.688690 0.681319 0.577381 0.611722
13 0.627381 0.327839 0.516667 0.234432
14 0.378571 0.466117 0.209524 0.532967
19 0.221429 0.260073 0.161905 0.135531
8 0.209524 0.175824 0.104762 0.205128
8 0.275000 0.208791 0.030952 0.135531
2 0.126786 0.175824 0.065476 0.164835
9 0.116667 0.324176 0.116667 0.509158
15 0.054167 0.285714 0.008333 0.040293
4 0.214881 0.375458 0.177381 0.641026
7 0.486905 0.152015 0.430952 0.186813
20 0.362500 0.061355 0.244048 0.034799
5 0.194643 0.623626 0.163095 0.166667
0 0.080357 0.394689 0.072619 0.338828
11 0.095833 0.511905 0.079762 0.192308
1 0.401786 0.773810 0.182143 0.412088
6 0.839286 0.705128 0.271429 0.380952