0 0.425439 0.551581 0.307018 0.407654
15 0.594612 0.483361 0.179198 0.164725
12 0.755013 0.276206 0.387218 0.222962
3 0.770050 0.505824 0.389724 0.312812
16 0.883459 0.701331 0.140351 0.144759
18 0.714286 0.721298 0.531328 0.357737
15 0.959900 0.420965 0.017544 0.109817
11 0.426065 0.791181 0.197995 0.354409
2 0.315163 0.252912 0.179198 0.202995
2 0.394110 0.261231 0.078947 0.199667
9 0.314536 0.412646 0.270677 0.545757
8 0.175439 0.248752 0.187970 0.188020
19 0.067043 0.304493 0.048872 0.049917
4 0.169799 0.387687 0.204261 0.482529
1 0.046366 0.505824 0.055138 0.186356
5 0.180451 0.628120 0.213033 0.171381
20 0.421679 0.147255 0.484962 0.061564
14 0.046992 0.435940 0.066416 0.212978
15 0.704261 0.487521 0.087719 0.143095
3 0.709273 0.152246 0.300752 0.048253