20 0.377666 0.137500 0.336261 0.035000
7 0.490590 0.235833 0.424090 0.178333
13 0.657465 0.426667 0.614806 0.286667
10 0.633626 0.567500 0.245922 0.135000
6 0.855709 0.565000 0.233375 0.146667
14 0.409661 0.517500 0.237139 0.288333
17 0.710163 0.685000 0.567127 0.340000
19 0.242785 0.321667 0.124216 0.083333
1 0.405897 0.674167 0.151819 0.311667
11 0.063990 0.456667 0.080301 0.183333
9 0.109787 0.335833 0.111669 0.341667
5 0.194479 0.578333 0.210790 0.176667
4 0.208281 0.398333 0.200753 0.470000
8 0.212673 0.235000 0.139272 0.133333
2 0.127353 0.220000 0.061481 0.100000
0 0.055834 0.312500 0.074028 0.158333
6 0.875157 0.720000 0.196989 0.163333