19 0.353047 0.318372 0.027479 0.056367
2 0.688172 0.259916 0.124253 0.160752
8 0.487455 0.250522 0.250896 0.187891
4 0.446237 0.385177 0.335723 0.457203
7 0.359020 0.222338 0.161290 0.181628
15 0.943847 0.420668 0.028674 0.098121
18 0.909200 0.577244 0.117085 0.181628
3 0.901434 0.301670 0.075269 0.048017
0 0.768220 0.477035 0.367981 0.306889
20 0.611708 0.143006 0.329749 0.064718
13 0.166667 0.312109 0.237754 0.102296
14 0.166069 0.458246 0.255675 0.265136
17 0.065711 0.522965 0.097969 0.181628
5 0.494624 0.638831 0.437276 0.079332
11 0.799283 0.641962 0.157706 0.248434
1 0.193548 0.588727 0.157706 0.254697