8 0.219905 0.279644 0.351609 0.314229
2 0.563766 0.253953 0.305125 0.247036
15 0.845650 0.447628 0.060787 0.191700
11 0.728248 0.827075 0.209774 0.318182
19 0.028605 0.381423 0.057211 0.193676
4 0.200238 0.479249 0.398093 0.717391
9 0.555423 0.473320 0.374255 0.721344
5 0.305721 0.819170 0.606675 0.112648
15 0.846246 0.448617 0.059595 0.193676
18 0.858164 0.670949 0.071514 0.274704
0 0.711561 0.562253 0.290822 0.413043
20 0.467819 0.113636 0.549464 0.061265
12 0.827175 0.274704 0.073897 0.158103
3 0.763409 0.166996 0.065554 0.092885