15 0.104762 0.489305 0.059524 0.119430
18 0.102381 0.647950 0.085714 0.158645
11 0.202976 0.724599 0.160714 0.229947
1 0.823810 0.706774 0.154762 0.212121
14 0.827976 0.589127 0.220238 0.304813
13 0.835714 0.457219 0.226190 0.108734
17 0.939286 0.645276 0.095238 0.139037
10 0.935119 0.553476 0.029762 0.048128
19 0.704167 0.428699 0.067857 0.087344
8 0.563690 0.371658 0.220238 0.165775
2 0.236905 0.371658 0.052381 0.112299
2 0.348810 0.362745 0.166667 0.151515
9 0.332738 0.499109 0.267857 0.449198
4 0.588690 0.499109 0.303571 0.445633
20 0.373214 0.273619 0.413095 0.040998
7 0.663095 0.364528 0.176190 0.158645
12 0.122619 0.369875 0.064286 0.122995
3 0.087500 0.437611 0.013095 0.030303
0 0.188095 0.577540 0.228571 0.288770
5 0.502381 0.730838 0.433333 0.024955