1 0.513427 0.752110 0.164962 0.331224
11 0.164322 0.458861 0.080563 0.196203
10 0.675192 0.588608 0.196931 0.139241
19 0.309463 0.286920 0.109974 0.097046
19 0.659207 0.216245 0.029412 0.040084
0 0.138747 0.337553 0.075448 0.282700
5 0.297954 0.600211 0.250639 0.251055
20 0.379156 0.094937 0.367008 0.046414
16 0.906650 0.681435 0.094629 0.122363
14 0.476982 0.525316 0.217391 0.324895
17 0.735934 0.696203 0.451407 0.417722
6 0.859335 0.543249 0.171355 0.187764
7 0.512148 0.208861 0.367008 0.215190
13 0.667519 0.415612 0.547315 0.308017
9 0.198849 0.308017 0.126598 0.443038
2 0.201407 0.177215 0.098465 0.151899
4 0.297315 0.369198 0.159847 0.565401
8 0.297315 0.189873 0.103581 0.172996