19 0.262829 0.288168 0.090153 0.064885
7 0.484050 0.208969 0.371706 0.188931
8 0.260749 0.196565 0.080444 0.167939
4 0.264216 0.351145 0.134535 0.484733
2 0.174064 0.175573 0.018031 0.083969
2 0.203190 0.180344 0.056865 0.127863
9 0.192788 0.284351 0.088766 0.351145
11 0.160194 0.416985 0.045770 0.150763
1 0.393897 0.662214 0.127601 0.278626
10 0.565881 0.540076 0.230236 0.145038
13 0.615811 0.393130 0.510402 0.248092
5 0.252427 0.535305 0.160888 0.204198
6 0.762829 0.513359 0.216366 0.133588
17 0.641470 0.645992 0.500693 0.326336
0 0.151179 0.316794 0.044383 0.232824
14 0.411234 0.444656 0.223301 0.324427
20 0.366852 0.108779 0.361997 0.049618
10 0.874480 0.468511 0.015257 0.059160