1 0.448153 0.719618 0.166865 0.342014
11 0.134684 0.477431 0.076281 0.173611
19 0.287843 0.278646 0.137068 0.123264
13 0.662098 0.409722 0.528010 0.277778
10 0.678784 0.570312 0.256257 0.151042
6 0.856973 0.526042 0.152563 0.163194
17 0.710369 0.690104 0.483909 0.383681
14 0.478546 0.484375 0.308701 0.395833
7 0.484505 0.211806 0.387366 0.194444
15 0.096544 0.298611 0.014303 0.034722
2 0.153754 0.197049 0.073897 0.147569
8 0.243743 0.208333 0.129917 0.166667
4 0.255066 0.389757 0.209774 0.550347
5 0.249702 0.600694 0.215733 0.211806
20 0.323004 0.109375 0.345650 0.034722
14 0.679380 0.266493 0.028605 0.026042
0 0.134684 0.371528 0.100119 0.309028