15 0.409389 0.426145 0.242358 0.214180
15 0.064956 0.345643 0.029476 0.100443
16 0.135917 0.681684 0.116812 0.146233
18 0.311135 0.637371 0.521834 0.477105
20 0.508188 0.068685 0.337336 0.028065
3 0.281659 0.330871 0.458515 0.511078
0 0.594978 0.480059 0.253275 0.431315
8 0.832969 0.189069 0.126638 0.174298
19 0.917576 0.239291 0.073144 0.073855
4 0.837882 0.331610 0.162664 0.483013
2 0.644105 0.191285 0.063319 0.143279
2 0.718341 0.183161 0.141921 0.171344
9 0.717795 0.364106 0.230349 0.553914
14 0.923035 0.375923 0.064410 0.223043
10 0.941594 0.289513 0.016376 0.044313
1 0.906659 0.439439 0.075328 0.169867
11 0.582424 0.753323 0.199782 0.363368
12 0.291485 0.223781 0.395197 0.237814
5 0.805131 0.573855 0.173581 0.175775