12 0.438045 0.273893 0.453752 0.184149
15 0.454625 0.519814 0.333333 0.139860
15 0.083770 0.420746 0.031414 0.118881
3 0.302792 0.483683 0.445026 0.375291
18 0.376091 0.693473 0.654450 0.477855
0 0.624782 0.501166 0.366492 0.372960
11 0.697208 0.703963 0.130890 0.331002
2 0.743455 0.271562 0.083770 0.128205
20 0.551483 0.173660 0.352531 0.067599
19 0.889180 0.282051 0.057592 0.055944
8 0.806283 0.252914 0.104712 0.114219
4 0.819372 0.378788 0.130890 0.379953
5 0.828970 0.538462 0.080279 0.135198
14 0.895288 0.371795 0.041885 0.132867
1 0.884817 0.426573 0.045375 0.163170