5 0.196361 0.560935 0.169385 0.170284
20 0.472396 0.126878 0.550816 0.066778
14 0.085320 0.381469 0.052698 0.202003
1 0.095985 0.436561 0.063990 0.158598
4 0.164994 0.351419 0.149310 0.429048
19 0.081556 0.260434 0.055207 0.046745
9 0.279799 0.383973 0.195734 0.497496
0 0.471769 0.518364 0.378921 0.292154
2 0.447930 0.278798 0.145546 0.240401
11 0.394605 0.732888 0.169385 0.297162
18 0.668130 0.681135 0.533250 0.390651
15 0.597867 0.581803 0.176913 0.161937
3 0.726474 0.428214 0.416562 0.589316
12 0.727729 0.315526 0.388959 0.277129
16 0.845044 0.523372 0.119197 0.125209
8 0.177541 0.220367 0.106650 0.153589
2 0.340652 0.262104 0.056462 0.190317
2 0.278545 0.239566 0.127980 0.185309