2 0.346890 0.251987 0.193780 0.201908
2 0.519139 0.241653 0.100478 0.178060
9 0.343301 0.426073 0.253589 0.642289
8 0.167464 0.271065 0.136364 0.192369
19 0.074163 0.353736 0.057416 0.046105
4 0.178828 0.395866 0.166268 0.531002
1 0.100478 0.538156 0.074163 0.154213
11 0.481459 0.821145 0.178230 0.303657
14 0.089713 0.473768 0.064593 0.190779
10 0.066388 0.395072 0.015550 0.023847
12 0.778110 0.216216 0.338517 0.248013
15 0.660885 0.492846 0.242823 0.155803
15 0.827153 0.457075 0.101675 0.138315
3 0.781100 0.297297 0.370813 0.461049
0 0.596292 0.400636 0.309809 0.171701
0 0.510167 0.620827 0.302632 0.265501
16 0.898325 0.509539 0.059809 0.122417
18 0.734450 0.718601 0.428230 0.432432
20 0.438995 0.103339 0.394737 0.057234