6 0.182137 0.625587 0.115587 0.185446
10 0.379159 0.556338 0.222417 0.136150
1 0.550788 0.680751 0.138354 0.253521
17 0.290718 0.647887 0.402802 0.319249
13 0.372154 0.458920 0.439580 0.204225
7 0.507005 0.320423 0.330998 0.152582
19 0.684764 0.380282 0.098074 0.056338
8 0.711033 0.312207 0.105079 0.122066
4 0.715412 0.440141 0.162872 0.396714
2 0.799475 0.298122 0.075306 0.098592
11 0.866900 0.494131 0.045534 0.143192
9 0.809107 0.395540 0.119089 0.307512
5 0.734676 0.597418 0.215412 0.161972
0 0.879159 0.393192 0.052539 0.176056
20 0.644483 0.239437 0.297723 0.042254
14 0.535902 0.532864 0.234676 0.239437
2 0.851138 0.298122 0.028021 0.042254