18 0.281513 0.682482 0.509804 0.445255
11 0.505602 0.811131 0.224090 0.363139
15 0.359944 0.484489 0.184874 0.286496
15 0.049720 0.427920 0.018207 0.089416
12 0.228291 0.204380 0.313725 0.255474
2 0.580532 0.205292 0.284314 0.271898
8 0.786415 0.184307 0.177871 0.197080
19 0.895658 0.258212 0.079832 0.071168
0 0.548319 0.481752 0.410364 0.368613
5 0.752101 0.627737 0.257703 0.211679
1 0.892157 0.508212 0.095238 0.169708
3 0.263305 0.332117 0.411765 0.583942
4 0.792717 0.354015 0.238095 0.565693
14 0.917367 0.392336 0.064426 0.208029
20 0.591737 0.077555 0.418768 0.074818