18 0.337922 0.691667 0.635795 0.296667
11 0.672716 0.707500 0.143930 0.321667
12 0.262203 0.235000 0.411765 0.256667
2 0.628285 0.220000 0.160200 0.210000
9 0.774093 0.376667 0.163955 0.520000
5 0.831665 0.596667 0.168961 0.180000
4 0.857947 0.346667 0.148936 0.440000
8 0.844180 0.217500 0.111389 0.165000
19 0.925532 0.283333 0.043805 0.060000
20 0.487484 0.112500 0.672090 0.075000
3 0.225282 0.507500 0.390488 0.375000
0 0.593242 0.467500 0.355444 0.348333
1 0.924280 0.484167 0.071339 0.175000
2 0.762203 0.215833 0.115144 0.178333
15 0.085106 0.264167 0.112641 0.241667
15 0.463705 0.286667 0.096370 0.353333
4 0.943054 0.395000 0.046308 0.173333