6 0.140625 0.587859 0.223558 0.156550
10 0.365385 0.611821 0.250000 0.175719
10 0.028846 0.478435 0.045673 0.138978
16 0.093149 0.710064 0.138221 0.148562
13 0.346755 0.419329 0.623798 0.346645
7 0.499399 0.178914 0.460337 0.233227
20 0.646034 0.050319 0.405048 0.043131
14 0.609976 0.467252 0.308894 0.394569
1 0.642428 0.710863 0.164663 0.361022
2 0.849760 0.127796 0.060096 0.150160
8 0.787260 0.181310 0.110577 0.247604
4 0.798077 0.333067 0.151442 0.563898
0 0.883413 0.311502 0.088942 0.354633
11 0.892428 0.391374 0.051683 0.166134
17 0.298678 0.728435 0.594952 0.396166