7 0.528796 0.179487 0.467714 0.233100
20 0.650087 0.057110 0.326353 0.039627
13 0.373473 0.379953 0.565445 0.321678
6 0.164921 0.557110 0.172775 0.177156
10 0.429319 0.559441 0.275742 0.153846
16 0.128272 0.693473 0.089005 0.165501
17 0.348168 0.650350 0.577661 0.475524
14 0.627400 0.446387 0.273997 0.379953
19 0.799302 0.259907 0.160558 0.142191
1 0.644852 0.684149 0.137871 0.324009
8 0.806283 0.168998 0.101222 0.184149
4 0.801047 0.333333 0.167539 0.550117
5 0.810646 0.551282 0.183246 0.230769
2 0.886562 0.149184 0.076789 0.149184
9 0.898778 0.275058 0.104712 0.428904
11 0.910122 0.414918 0.075044 0.181818
0 0.945026 0.270396 0.029668 0.191142