11 0.473730 0.679814 0.152364 0.269142
19 0.155867 0.344548 0.049037 0.044084
1 0.140105 0.495360 0.059545 0.150812
15 0.829247 0.462877 0.222417 0.164733
12 0.596322 0.299304 0.359019 0.162413
18 0.725919 0.606729 0.478109 0.373550
3 0.751313 0.417633 0.381786 0.218097
20 0.430823 0.226218 0.336252 0.039443
2 0.373905 0.313225 0.138354 0.129930
8 0.262697 0.305104 0.147110 0.122970
5 0.277583 0.582367 0.236427 0.134571
4 0.244308 0.412993 0.204904 0.352668
14 0.126095 0.437355 0.073555 0.155452
0 0.522767 0.496520 0.457093 0.245940