9 0.148031 0.315401 0.110236 0.369198
11 0.123622 0.478903 0.089764 0.172996
2 0.122047 0.191983 0.036220 0.097046
2 0.160630 0.212025 0.062992 0.145570
14 0.443307 0.520042 0.237795 0.364979
17 0.729134 0.763713 0.485039 0.333333
4 0.252756 0.393460 0.162205 0.521097
1 0.444882 0.777426 0.174803 0.339662
8 0.257480 0.228903 0.114961 0.175105
6 0.881102 0.613924 0.177953 0.253165
10 0.641732 0.585443 0.281890 0.166667
13 0.691339 0.439873 0.541732 0.289030
19 0.277165 0.333333 0.107087 0.075949
0 0.099213 0.353376 0.072441 0.293249
5 0.243307 0.589662 0.218898 0.272152
20 0.317323 0.131857 0.433071 0.065401
15 0.071654 0.239451 0.017323 0.023207
7 0.505512 0.259494 0.422047 0.232068