3 0.788294 0.518595 0.254047 0.219008
15 0.653798 0.511364 0.134496 0.105372
15 0.909091 0.470041 0.017435 0.068182
12 0.752802 0.345041 0.267746 0.181818
14 0.094645 0.444215 0.099626 0.289256
19 0.159402 0.308884 0.037360 0.047521
0 0.554172 0.544421 0.361146 0.469008
18 0.752179 0.702479 0.363636 0.396694
20 0.519925 0.214876 0.499377 0.119835
8 0.262765 0.259298 0.166874 0.150826
2 0.427771 0.266529 0.190535 0.157025
4 0.247821 0.419421 0.231631 0.491736
9 0.404110 0.450413 0.267746 0.549587
1 0.105230 0.535124 0.090909 0.210744
11 0.516189 0.798554 0.170610 0.345041
3 0.699875 0.242769 0.251557 0.080579
15 0.750311 0.502066 0.070984 0.066116
5 0.254047 0.664256 0.246575 0.171488