19 0.328125 0.364362 0.044837 0.074468
8 0.468071 0.284574 0.335598 0.196809
17 0.041440 0.655585 0.069293 0.236702
4 0.453125 0.465426 0.384511 0.601064
13 0.149457 0.376330 0.260870 0.162234
10 0.041440 0.503989 0.061141 0.103723
20 0.602582 0.156915 0.387228 0.069149
14 0.159647 0.610372 0.248641 0.300532
0 0.771739 0.578457 0.383152 0.385638
18 0.956522 0.683511 0.065217 0.234043
2 0.737092 0.285904 0.216033 0.199468
12 0.879076 0.305851 0.092391 0.164894
3 0.945652 0.405585 0.059783 0.114362
5 0.500679 0.783245 0.476902 0.045213
7 0.335598 0.276596 0.176630 0.234043
1 0.165761 0.722074 0.176630 0.289894
11 0.837636 0.784574 0.175272 0.297872
3 0.816576 0.199468 0.048913 0.042553
15 0.961957 0.517287 0.032609 0.114362