13 0.580595 0.367708 0.638498 0.227083
1 0.322379 0.660417 0.162754 0.391667
6 0.801252 0.572917 0.266041 0.170833
10 0.541471 0.590625 0.272300 0.122917
17 0.654147 0.655208 0.613459 0.614583
14 0.339593 0.453125 0.294210 0.360417
7 0.422535 0.184375 0.394366 0.177083
4 0.159624 0.319792 0.115806 0.452083
8 0.174491 0.164583 0.076682 0.141667
19 0.165102 0.231250 0.101721 0.062500
20 0.305947 0.096875 0.389671 0.047917
2 0.122848 0.152083 0.076682 0.116667
9 0.105634 0.266667 0.107981 0.341667
11 0.075117 0.367708 0.046948 0.181250
5 0.169014 0.542708 0.159624 0.264583
19 0.609546 0.214583 0.029734 0.033333
0 0.060250 0.232292 0.032864 0.127083