0 0.080139 0.415116 0.104530 0.206977
2 0.182927 0.274419 0.128920 0.106977
18 0.039199 0.475581 0.022648 0.100000
2 0.113240 0.301163 0.024390 0.048837
6 0.864111 0.460465 0.135889 0.097674
14 0.522648 0.483721 0.257840 0.260465
17 0.795296 0.558140 0.371080 0.260465
5 0.295296 0.595349 0.325784 0.116279
9 0.175087 0.381395 0.158537 0.344186
20 0.312718 0.245349 0.430314 0.100000
10 0.693380 0.418605 0.195122 0.083721
13 0.677700 0.359302 0.466899 0.100000
1 0.558362 0.594186 0.189895 0.290698
4 0.313589 0.404651 0.198606 0.390698
19 0.337979 0.311628 0.101045 0.041860
8 0.322300 0.273256 0.149826 0.118605
7 0.493031 0.268605 0.292683 0.104651
11 0.098432 0.513953 0.095819 0.190698