7 0.515707 0.243590 0.420593 0.193473
20 0.633508 0.138695 0.275742 0.039627
13 0.324607 0.404429 0.520070 0.207459
10 0.356894 0.500000 0.284468 0.146853
6 0.123037 0.495338 0.134380 0.109557
17 0.269634 0.638695 0.462478 0.428904
14 0.548866 0.483683 0.263525 0.361305
1 0.542757 0.733100 0.198953 0.347319
19 0.708551 0.317016 0.150087 0.144522
8 0.755672 0.233100 0.122164 0.158508
4 0.730366 0.386946 0.221640 0.489510
5 0.770506 0.594406 0.256545 0.247086
2 0.852531 0.224942 0.078534 0.142191
2 0.899651 0.215618 0.040140 0.086247
9 0.871728 0.334499 0.120419 0.384615
11 0.906632 0.500000 0.089005 0.184149
15 0.953752 0.279720 0.022688 0.032634
0 0.927574 0.358974 0.071553 0.233100