8 0.244681 0.235870 0.139818 0.223913
4 0.234802 0.382609 0.180851 0.547826
9 0.124620 0.309783 0.130699 0.406522
5 0.222644 0.576087 0.244681 0.256522
0 0.065350 0.318478 0.072948 0.276087
15 0.033435 0.236957 0.006079 0.056522
2 0.136778 0.179348 0.085106 0.128261
2 0.088146 0.156522 0.057751 0.095652
11 0.084347 0.425000 0.086626 0.180435
20 0.304711 0.105435 0.399696 0.063043
7 0.462006 0.235870 0.370821 0.228261
14 0.471125 0.541304 0.322188 0.378261
14 0.812310 0.406522 0.196049 0.191304
13 0.625380 0.446739 0.560790 0.328261
10 0.662614 0.634783 0.215805 0.113043
6 0.850304 0.661957 0.147416 0.323913
17 0.696809 0.764130 0.417933 0.306522
1 0.433891 0.730435 0.162614 0.313043
19 0.238602 0.318478 0.088146 0.102174
16 0.877660 0.683696 0.077508 0.136957