10 0.522943 0.568710 0.210443 0.160677
1 0.393196 0.735729 0.128165 0.291755
6 0.792722 0.706131 0.180380 0.215645
6 0.759494 0.560254 0.208861 0.109937
17 0.648734 0.680761 0.477848 0.350951
14 0.382911 0.516913 0.148734 0.298097
13 0.624209 0.464059 0.495253 0.230444
7 0.490506 0.309725 0.367089 0.192389
5 0.261076 0.601480 0.129747 0.171247
4 0.280854 0.436575 0.121835 0.450317
8 0.272152 0.283298 0.082278 0.143763
19 0.286392 0.365751 0.063291 0.067653
11 0.196994 0.501057 0.068038 0.147992
9 0.211234 0.384778 0.077532 0.346723
2 0.223892 0.275899 0.045886 0.116279
2 0.200158 0.265328 0.033228 0.090909
15 0.161392 0.311839 0.009494 0.019027
0 0.170095 0.359408 0.030063 0.219873
20 0.367880 0.207188 0.340190 0.046512