16 0.162587 0.665394 0.066434 0.139949
12 0.445804 0.181934 0.447552 0.195929
3 0.299825 0.421120 0.470280 0.374046
15 0.085664 0.388041 0.055944 0.175573
15 0.367133 0.507634 0.188811 0.221374
20 0.570804 0.080153 0.375874 0.058524
5 0.851399 0.539440 0.171329 0.264631
0 0.576923 0.450382 0.430070 0.366412
19 0.949301 0.197201 0.062937 0.053435
8 0.873252 0.162850 0.092657 0.137405
1 0.934441 0.393130 0.071678 0.180662
4 0.881993 0.302799 0.141608 0.447837
14 0.957168 0.314249 0.043706 0.185751
2 0.793706 0.173028 0.115385 0.162850
2 0.743881 0.193384 0.043706 0.137405
11 0.682692 0.699746 0.173077 0.381679
9 0.800699 0.352417 0.174825 0.547074
18 0.366259 0.683206 0.641608 0.501272