13 0.578740 0.408613 0.514961 0.199580
1 0.425197 0.644958 0.176378 0.277311
14 0.437795 0.492647 0.333858 0.262605
10 0.610236 0.569328 0.140157 0.105042
16 0.816535 0.601891 0.067717 0.098739
6 0.748819 0.524160 0.200000 0.161765
17 0.675591 0.662815 0.381102 0.313025
0 0.081890 0.389706 0.107087 0.207983
4 0.192126 0.402311 0.166929 0.363445
5 0.229921 0.573529 0.211024 0.155462
7 0.400000 0.292017 0.296063 0.151261
19 0.218110 0.329832 0.086614 0.050420
8 0.189764 0.275210 0.114961 0.100840
20 0.341732 0.210084 0.233071 0.037815
2 0.107874 0.266807 0.045669 0.054622
11 0.086614 0.455882 0.078740 0.159664
3 0.064567 0.272059 0.053543 0.027311