11 0.563522 0.728715 0.155975 0.278798
1 0.866667 0.441569 0.070440 0.151920
8 0.766038 0.218698 0.148428 0.166945
19 0.859748 0.258765 0.038994 0.040067
12 0.328302 0.297162 0.281761 0.223706
2 0.613208 0.239566 0.164780 0.215359
20 0.522013 0.139399 0.445283 0.061770
16 0.262893 0.640234 0.105660 0.111853
15 0.455975 0.492487 0.134591 0.120200
18 0.357862 0.636060 0.396226 0.330551
3 0.325786 0.476628 0.306918 0.252087
0 0.556604 0.502504 0.350943 0.323873
4 0.770440 0.351419 0.192453 0.462437
3 0.338365 0.177796 0.216352 0.045075
14 0.881132 0.354758 0.051572 0.148581
17 0.906918 0.385643 0.007547 0.070117
15 0.179874 0.436561 0.020126 0.081803