11 0.079375 0.515075 0.063750 0.172529
2 0.147500 0.274707 0.117500 0.127303
14 0.434375 0.595477 0.201250 0.323283
17 0.691875 0.702680 0.468750 0.407035
10 0.584375 0.599665 0.241250 0.157454
7 0.511250 0.325796 0.410000 0.216080
19 0.277500 0.391122 0.092500 0.068677
8 0.275000 0.325796 0.170000 0.236181
5 0.221875 0.639028 0.223750 0.202680
16 0.871250 0.697655 0.117500 0.132328
1 0.446250 0.761307 0.192500 0.303183
10 0.868125 0.480737 0.083750 0.107203
20 0.324375 0.208543 0.408750 0.055276
13 0.646875 0.476549 0.478750 0.236181
4 0.266875 0.460637 0.193750 0.499162
9 0.145625 0.397822 0.131250 0.383585
0 0.065625 0.379397 0.046250 0.195980
15 0.059375 0.309045 0.018750 0.025126