8 0.736842 0.227045 0.160401 0.156928
4 0.750000 0.356427 0.221805 0.442404
1 0.875313 0.475793 0.096491 0.163606
10 0.933584 0.379800 0.015038 0.078464
20 0.462406 0.134391 0.531328 0.048414
5 0.692356 0.588481 0.299499 0.168614
14 0.888471 0.406511 0.092732 0.215359
13 0.896617 0.298831 0.033835 0.016694
19 0.852757 0.281302 0.056391 0.051753
12 0.206140 0.227880 0.209273 0.181970
2 0.473058 0.253756 0.078947 0.146912
2 0.575815 0.232888 0.176692 0.175292
9 0.569549 0.388147 0.281955 0.509182
11 0.429198 0.706177 0.196742 0.280467
18 0.236842 0.592654 0.328321 0.353923
15 0.275063 0.443239 0.156642 0.195326
3 0.204261 0.341402 0.245614 0.429048
16 0.121554 0.424875 0.057644 0.111853
0 0.376566 0.503339 0.359649 0.345576