7 0.493726 0.202680 0.475533 0.257956
20 0.596612 0.060302 0.355082 0.067002
5 0.815558 0.579564 0.175659 0.234506
19 0.291092 0.233668 0.020075 0.028476
19 0.792974 0.274707 0.127980 0.113903
16 0.175659 0.740369 0.173149 0.157454
13 0.362610 0.451424 0.582183 0.333333
10 0.128607 0.406198 0.111669 0.155779
10 0.513802 0.483250 0.189460 0.209380
6 0.095358 0.569514 0.075282 0.144054
6 0.319322 0.648241 0.239649 0.097152
8 0.799875 0.170017 0.121706 0.195980
8 0.762233 0.304858 0.016311 0.016750
1 0.653701 0.774707 0.135508 0.366834
17 0.331870 0.699330 0.590966 0.467337
14 0.639900 0.468174 0.233375 0.396985
2 0.875784 0.159129 0.077792 0.177554
11 0.906524 0.472362 0.081556 0.184255
0 0.919699 0.333333 0.087829 0.254606
4 0.814931 0.346734 0.181932 0.586265