1 0.323980 0.680220 0.114796 0.389011
11 0.164541 0.498901 0.045918 0.171429
10 0.527423 0.501099 0.248724 0.127473
10 0.844388 0.464835 0.053571 0.120879
19 0.214286 0.263736 0.086735 0.079121
19 0.622449 0.264835 0.033163 0.032967
0 0.146046 0.381319 0.024235 0.208791
5 0.211735 0.581319 0.112245 0.191209
20 0.359694 0.127473 0.308673 0.048352
14 0.342474 0.440659 0.197704 0.358242
17 0.602679 0.674725 0.577806 0.369231
6 0.732143 0.500000 0.181122 0.112088
7 0.447704 0.198901 0.352041 0.169231
13 0.572704 0.423077 0.561224 0.309890
9 0.185587 0.327473 0.085459 0.395604
2 0.192602 0.210989 0.068878 0.158242
8 0.232143 0.194505 0.051020 0.138462
4 0.225765 0.360440 0.107143 0.492308