7 0.469432 0.220199 0.419214 0.235099
8 0.231441 0.236755 0.113537 0.274834
19 0.230349 0.317881 0.100437 0.079470
2 0.150109 0.181291 0.070961 0.170530
4 0.222162 0.380795 0.134279 0.582781
9 0.144105 0.296358 0.089520 0.410596
0 0.109170 0.337748 0.052402 0.264901
5 0.218341 0.591060 0.174672 0.245033
14 0.410480 0.500000 0.264192 0.390728
10 0.615721 0.626656 0.216157 0.173841
13 0.621725 0.431291 0.549127 0.332781
16 0.860262 0.719371 0.111354 0.177152
17 0.670852 0.722682 0.527293 0.448675
10 0.906659 0.519040 0.027293 0.067881
20 0.367358 0.087748 0.317686 0.043046
1 0.389192 0.756623 0.129913 0.354305
11 0.116812 0.451159 0.050218 0.173841
6 0.774017 0.616722 0.111354 0.107616
6 0.870633 0.562086 0.049127 0.094371