9 0.844875 0.274492 0.077562 0.349353
11 0.853878 0.384473 0.056787 0.151571
2 0.835873 0.163586 0.051247 0.109057
2 0.854571 0.159889 0.030471 0.086876
14 0.659280 0.429760 0.232687 0.308688
17 0.355956 0.641405 0.592798 0.417745
4 0.796399 0.414972 0.096953 0.279113
4 0.793629 0.196858 0.055402 0.194085
1 0.659280 0.654344 0.121884 0.329020
6 0.259695 0.553604 0.175900 0.149723
6 0.120499 0.498152 0.094183 0.153420
10 0.080332 0.388170 0.019391 0.062847
10 0.489612 0.555453 0.278393 0.127542
13 0.409972 0.403882 0.659280 0.378928
19 0.385734 0.186691 0.031856 0.036969
19 0.822022 0.246765 0.095568 0.057301
0 0.880194 0.241220 0.020776 0.083179
5 0.781163 0.521257 0.127424 0.210721
20 0.637812 0.089649 0.264543 0.035120
7 0.567175 0.181146 0.378116 0.177449
8 0.799169 0.186691 0.044321 0.151571