6 0.838850 0.591647 0.116725 0.139211
10 0.745645 0.657773 0.087108 0.048724
2 0.109756 0.203016 0.034843 0.081206
2 0.159408 0.204176 0.081882 0.134571
1 0.506098 0.621810 0.172474 0.259861
0 0.104530 0.346868 0.111498 0.262181
6 0.867596 0.429234 0.080139 0.139211
5 0.272648 0.527842 0.228223 0.122970
4 0.289199 0.351508 0.195122 0.447796
20 0.339721 0.116009 0.331010 0.037123
19 0.307491 0.280742 0.120209 0.069606
18 0.075784 0.426914 0.019164 0.055684
17 0.736063 0.535963 0.371080 0.343387
14 0.521777 0.444316 0.304878 0.313225
10 0.885889 0.331787 0.029617 0.055684
13 0.669861 0.332947 0.461672 0.206497
11 0.120209 0.450116 0.080139 0.153132
10 0.714286 0.467517 0.212544 0.104408
9 0.157666 0.313225 0.134146 0.371230
8 0.289199 0.226218 0.160279 0.183295
7 0.483449 0.213457 0.371080 0.199536