7 0.450000 0.312354 0.356140 0.144522
20 0.376316 0.231935 0.243860 0.020979
13 0.544737 0.445221 0.492982 0.181818
10 0.453509 0.560606 0.205263 0.137529
10 0.804386 0.491841 0.043860 0.121212
17 0.577193 0.675991 0.554386 0.386946
19 0.221053 0.363636 0.091228 0.055944
14 0.323684 0.503497 0.156140 0.284382
11 0.181579 0.513986 0.050877 0.118881
1 0.302632 0.678322 0.064912 0.237762
4 0.228947 0.420746 0.071930 0.365967
8 0.236842 0.306527 0.042105 0.118881
9 0.200000 0.377622 0.063158 0.270396
2 0.200877 0.297203 0.047368 0.086247
0 0.164912 0.404429 0.014035 0.123543
5 0.217544 0.555944 0.084211 0.146853
6 0.676316 0.552448 0.233333 0.139860