1 0.093037 0.537277 0.066026 0.166937
11 0.499400 0.799028 0.228091 0.350081
5 0.241297 0.654781 0.216086 0.152350
19 0.103842 0.329011 0.039616 0.064830
14 0.086435 0.455429 0.079232 0.230146
4 0.182473 0.413290 0.172869 0.473258
9 0.330132 0.443274 0.225690 0.539708
2 0.338535 0.260130 0.163265 0.157212
2 0.474790 0.233387 0.080432 0.110211
12 0.785114 0.230146 0.290516 0.213938
3 0.702281 0.167747 0.276110 0.128039
15 0.677671 0.451378 0.241297 0.160454
18 0.748499 0.670178 0.440576 0.445705
0 0.553421 0.561588 0.417767 0.640194
3 0.835534 0.452998 0.271309 0.361426
20 0.393758 0.143436 0.364946 0.066451
15 0.826531 0.444084 0.118848 0.129660