20 0.376748 0.150943 0.291958 0.033019
7 0.474650 0.240566 0.368881 0.155660
9 0.161713 0.316038 0.110140 0.330189
11 0.138112 0.426887 0.073427 0.160377
2 0.145105 0.219340 0.020979 0.047170
2 0.180070 0.214623 0.059441 0.108491
14 0.396853 0.465802 0.213287 0.351415
17 0.659091 0.641509 0.510490 0.429245
4 0.243881 0.372642 0.138112 0.443396
1 0.384615 0.649764 0.118881 0.308962
8 0.250874 0.228774 0.106643 0.136792
6 0.816434 0.553066 0.174825 0.134434
10 0.584790 0.566038 0.229021 0.155660
13 0.615385 0.393868 0.524476 0.221698
19 0.253497 0.294811 0.101399 0.070755
0 0.107517 0.307783 0.029720 0.143868
5 0.215909 0.531840 0.169580 0.181604
19 0.632867 0.262972 0.038462 0.035377