17 0.221360 0.722930 0.399761 0.545648
1 0.460621 0.825902 0.145585 0.335456
13 0.301313 0.414013 0.397375 0.288747
10 0.282220 0.640127 0.249403 0.227176
14 0.455847 0.598726 0.214797 0.348195
7 0.439141 0.244161 0.379475 0.352442
20 0.619332 0.071125 0.367542 0.087049
11 0.821002 0.501062 0.076372 0.208068
19 0.646181 0.390658 0.091885 0.127389
8 0.649761 0.263270 0.153938 0.318471
2 0.776850 0.187898 0.076372 0.184713
4 0.656325 0.416136 0.193317 0.679406
0 0.811456 0.389597 0.126492 0.375796
15 0.867542 0.251592 0.011933 0.040340
5 0.666468 0.673036 0.249403 0.267516
2 0.832339 0.176221 0.036993 0.118896