8 0.300716 0.300191 0.143198 0.168260
19 0.195107 0.343212 0.041766 0.063098
15 0.686754 0.560229 0.122912 0.164436
3 0.767303 0.440727 0.291169 0.453155
18 0.757160 0.735182 0.356802 0.338432
4 0.273866 0.449331 0.230310 0.508604
14 0.124105 0.494264 0.119332 0.269598
20 0.553699 0.204589 0.389021 0.065010
5 0.286396 0.719885 0.286396 0.208413
1 0.108592 0.586042 0.071599 0.227533
11 0.516110 0.816444 0.182578 0.344168
9 0.436754 0.461759 0.276850 0.529637
0 0.546539 0.572658 0.274463 0.307839
2 0.510740 0.329828 0.100239 0.166348
2 0.419451 0.307839 0.137232 0.187380
12 0.757160 0.350860 0.263723 0.193117
13 0.144391 0.360421 0.064439 0.017208