19 0.273585 0.276842 0.075472 0.061053
8 0.261792 0.187368 0.108491 0.143158
2 0.176101 0.175789 0.062893 0.124211
2 0.141509 0.166316 0.034591 0.084211
7 0.485063 0.212632 0.372642 0.202105
4 0.266509 0.337895 0.133648 0.456842
9 0.161164 0.277895 0.099057 0.341053
10 0.578616 0.472632 0.216981 0.145263
14 0.427673 0.433684 0.198113 0.311579
5 0.253145 0.520000 0.204403 0.227368
13 0.654088 0.369474 0.493711 0.229474
15 0.093553 0.222105 0.017296 0.035789
0 0.108491 0.274737 0.044025 0.170526
20 0.364780 0.094737 0.311321 0.037895
1 0.437893 0.658947 0.165094 0.282105
11 0.134434 0.430526 0.061321 0.157895
6 0.818396 0.466316 0.155660 0.103158
16 0.835692 0.603158 0.108491 0.132632
17 0.695755 0.616842 0.460692 0.404211