18 0.889325 0.519093 0.136578 0.178998
9 0.650706 0.406921 0.249608 0.365155
11 0.772370 0.587112 0.138148 0.195704
2 0.722920 0.301909 0.054945 0.078759
2 0.822606 0.297136 0.097331 0.069212
12 0.623234 0.292363 0.144427 0.112172
14 0.240973 0.454654 0.174254 0.255370
17 0.143642 0.489260 0.076923 0.167064
4 0.423862 0.403341 0.248038 0.357995
1 0.231554 0.545346 0.114600 0.174224
8 0.439560 0.297136 0.188383 0.126492
10 0.135793 0.412888 0.051805 0.052506
13 0.214286 0.357995 0.145997 0.062053
19 0.332025 0.335322 0.020408 0.035800
0 0.811617 0.458234 0.270016 0.262530
5 0.510989 0.588305 0.365777 0.040573
20 0.584772 0.226730 0.334380 0.042959
15 0.915228 0.403341 0.075353 0.066826
3 0.889325 0.323389 0.073783 0.021480
7 0.326531 0.299523 0.119309 0.078759