11 0.429016 0.833613 0.222914 0.322689
1 0.900374 0.532773 0.092154 0.188235
19 0.911582 0.322689 0.049813 0.060504
8 0.778331 0.257143 0.214197 0.205042
2 0.568493 0.254622 0.267746 0.200000
4 0.780199 0.410084 0.230386 0.551261
9 0.576588 0.443697 0.288917 0.621849
0 0.448319 0.534454 0.278954 0.484034
14 0.903487 0.479832 0.103362 0.257143
12 0.210461 0.366387 0.259029 0.406723
15 0.336862 0.378151 0.235367 0.383193
18 0.225405 0.679832 0.376090 0.546218
16 0.130137 0.624370 0.093400 0.149580
20 0.500623 0.144538 0.580324 0.117647
15 0.099004 0.314286 0.068493 0.242017
3 0.250934 0.154622 0.200498 0.107563
17 0.950809 0.468908 0.026152 0.147899
5 0.704857 0.699160 0.306351 0.238655