11 0.075685 0.403968 0.075089 0.173016
1 0.468415 0.703968 0.214541 0.353968
13 0.656138 0.457937 0.568534 0.293651
10 0.729440 0.625397 0.264601 0.123810
6 0.912396 0.657143 0.082241 0.295238
17 0.737783 0.751587 0.393325 0.293651
14 0.525626 0.515873 0.407628 0.352381
7 0.461859 0.252381 0.344458 0.180952
19 0.259833 0.291270 0.138260 0.087302
8 0.241955 0.223016 0.114422 0.150794
2 0.099523 0.194444 0.065554 0.084127
2 0.153159 0.204762 0.084625 0.117460
5 0.231824 0.565873 0.263409 0.242857
4 0.249702 0.384127 0.184744 0.498413
9 0.128129 0.315873 0.151371 0.361905
20 0.292014 0.138095 0.383790 0.057143
0 0.071514 0.334127 0.078665 0.233333