7 0.438811 0.198357 0.444056 0.232394
9 0.101399 0.274648 0.101399 0.403756
11 0.077797 0.420188 0.085664 0.192488
2 0.104895 0.160798 0.080420 0.152582
14 0.357517 0.477700 0.270979 0.340376
17 0.682692 0.688967 0.613636 0.424883
4 0.171329 0.336854 0.136364 0.528169
1 0.364510 0.706573 0.176573 0.384977
8 0.176573 0.180751 0.097902 0.187793
6 0.823427 0.549296 0.206294 0.173709
10 0.569056 0.586854 0.302448 0.098592
13 0.607517 0.437793 0.694056 0.382629
19 0.174825 0.275822 0.104895 0.077465
0 0.043706 0.267606 0.034965 0.173709
5 0.180070 0.553991 0.199301 0.248826
20 0.333916 0.068075 0.349650 0.046948
10 0.942308 0.487089 0.041958 0.133803
19 0.639860 0.207746 0.038462 0.049296