20 0.487909 0.142857 0.452347 0.078675
19 0.169986 0.321946 0.044097 0.084886
8 0.261735 0.241201 0.116643 0.163561
2 0.379090 0.252588 0.152205 0.186335
2 0.511380 0.275362 0.126600 0.186335
3 0.762447 0.514493 0.244666 0.362319
3 0.697013 0.156315 0.210526 0.047619
12 0.725462 0.270186 0.241821 0.196687
15 0.607397 0.531056 0.091038 0.213251
15 0.884068 0.439959 0.015647 0.142857
18 0.654339 0.708075 0.492176 0.368530
0 0.536984 0.509317 0.251778 0.314700
11 0.485064 0.812629 0.193457 0.366460
5 0.270982 0.660455 0.211949 0.202899
1 0.147226 0.527950 0.083926 0.207039
4 0.246799 0.397516 0.172119 0.492754
9 0.362020 0.438923 0.206259 0.579710
14 0.142959 0.437888 0.069701 0.250518
17 0.116643 0.400621 0.025605 0.072464