7 0.502395 0.283333 0.408383 0.296296
8 0.758683 0.279630 0.104192 0.218519
4 0.741317 0.478704 0.179641 0.657407
1 0.562874 0.821296 0.134132 0.335185
16 0.189222 0.706481 0.119760 0.131481
6 0.213174 0.728704 0.222754 0.283333
17 0.321557 0.745370 0.451497 0.442593
10 0.410778 0.583333 0.227545 0.159259
10 0.139521 0.473148 0.058683 0.142593
13 0.373653 0.450926 0.450299 0.246296
20 0.664671 0.137037 0.383234 0.070370
5 0.753293 0.750000 0.244311 0.203704
14 0.568263 0.626852 0.183234 0.387037
2 0.855090 0.266667 0.086228 0.196296
9 0.868862 0.426852 0.142515 0.557407
11 0.879641 0.639815 0.128144 0.224074
19 0.731138 0.429630 0.099401 0.122222
0 0.935928 0.411111 0.044311 0.214815
2 0.913772 0.272222 0.040719 0.122222
8 0.685629 0.359259 0.037126 0.181481
18 0.959281 0.520370 0.014371 0.155556