11 0.159408 0.524533 0.060976 0.119159
14 0.511324 0.533879 0.423345 0.296729
17 0.687282 0.651869 0.513937 0.406542
4 0.244774 0.461449 0.165505 0.413551
1 0.418990 0.719626 0.141115 0.247664
7 0.456446 0.304907 0.383275 0.226636
10 0.595819 0.609813 0.226481 0.130841
13 0.627178 0.442757 0.547038 0.310748
19 0.229965 0.393692 0.059233 0.058411
0 0.140244 0.440421 0.081882 0.217290
20 0.346690 0.214953 0.264808 0.070093
19 0.599303 0.248832 0.027875 0.025701
10 0.903310 0.438084 0.033101 0.067757
8 0.224739 0.330607 0.090592 0.133178
2 0.158537 0.317757 0.038328 0.079439
5 0.260453 0.622664 0.179443 0.161215