7 0.502475 0.239353 0.428218 0.264055
8 0.245668 0.213799 0.105198 0.182283
4 0.253713 0.356899 0.180693 0.540034
1 0.415223 0.713799 0.139851 0.299830
17 0.673886 0.689949 0.496287 0.374787
10 0.617574 0.626065 0.210396 0.124361
10 0.887376 0.458262 0.039604 0.102215
13 0.646658 0.467632 0.521040 0.345826
20 0.366955 0.089438 0.347772 0.066440
5 0.235149 0.545145 0.207921 0.248722
14 0.430074 0.503407 0.263614 0.328790
2 0.164604 0.166951 0.076733 0.149915
2 0.121906 0.140545 0.038366 0.080068
9 0.151609 0.270017 0.117574 0.376491
11 0.129332 0.400341 0.085396 0.173765
0 0.092822 0.226576 0.034653 0.163543
6 0.822401 0.605622 0.174505 0.161840
19 0.271658 0.321124 0.075495 0.086882
19 0.664604 0.224872 0.017327 0.020443