11 0.127465 0.558045 0.083099 0.203666
1 0.483803 0.794297 0.156338 0.321792
5 0.273239 0.685336 0.261972 0.221996
17 0.721831 0.760692 0.435211 0.336049
6 0.869014 0.658859 0.146479 0.189409
13 0.675352 0.503055 0.525352 0.285132
7 0.507042 0.318737 0.354930 0.193483
20 0.322535 0.216904 0.436620 0.079430
19 0.321127 0.399185 0.098592 0.081466
8 0.292958 0.312627 0.109859 0.169043
4 0.295775 0.485743 0.177465 0.527495
2 0.188732 0.291242 0.098592 0.126273
2 0.136620 0.275967 0.059155 0.087576
9 0.181690 0.426680 0.132394 0.417515
18 0.074648 0.490835 0.019718 0.073320
15 0.071127 0.342159 0.015493 0.036660
0 0.095775 0.386965 0.064789 0.183299
14 0.488028 0.606925 0.240845 0.329939
10 0.675352 0.644603 0.204225 0.107943