19 0.787518 0.361111 0.093969 0.077778
11 0.894811 0.514815 0.075736 0.155556
2 0.887798 0.302778 0.028050 0.061111
2 0.851332 0.289815 0.064516 0.105556
9 0.866059 0.401852 0.102384 0.344444
0 0.919355 0.380556 0.043478 0.094444
8 0.774895 0.300926 0.105189 0.135185
4 0.786115 0.444444 0.144460 0.433333
5 0.780505 0.617593 0.220196 0.183333
14 0.594670 0.551852 0.283310 0.274074
6 0.149369 0.618519 0.158485 0.285185
17 0.308555 0.695370 0.474053 0.312963
13 0.412342 0.437963 0.636746 0.209259
10 0.372370 0.562963 0.245442 0.100000
1 0.586255 0.712037 0.173913 0.312963
7 0.568022 0.299074 0.350631 0.146296
20 0.685835 0.226852 0.339411 0.031481