14 0.378740 0.494759 0.247244 0.322851
9 0.133071 0.367925 0.096063 0.333333
2 0.140157 0.266247 0.075591 0.121593
17 0.678740 0.691824 0.491339 0.368973
4 0.207874 0.414046 0.125984 0.433962
1 0.374803 0.707547 0.141732 0.337526
8 0.200000 0.285115 0.091339 0.171908
19 0.192126 0.330189 0.088189 0.060797
7 0.419685 0.259958 0.357480 0.155136
13 0.585039 0.412998 0.574803 0.226415
6 0.800000 0.523061 0.226772 0.174004
10 0.559843 0.533543 0.228346 0.144654
5 0.211024 0.605870 0.185827 0.192872
20 0.304724 0.184486 0.300787 0.033543
0 0.079528 0.373166 0.042520 0.159329
11 0.096063 0.495807 0.044094 0.161426