6 0.757075 0.557082 0.294025 0.221987
10 0.471698 0.571882 0.267296 0.243129
7 0.391509 0.206131 0.393082 0.188161
13 0.562107 0.387949 0.617925 0.289641
14 0.345912 0.472516 0.286164 0.386892
17 0.627358 0.660677 0.610063 0.577167
19 0.147013 0.289641 0.099057 0.076110
8 0.155660 0.215645 0.078616 0.177590
2 0.110063 0.191332 0.053459 0.128964
1 0.313679 0.718816 0.133648 0.376321
11 0.095126 0.417548 0.064465 0.162791
4 0.158805 0.359408 0.116352 0.486258
9 0.102201 0.301268 0.078616 0.365751
20 0.310535 0.109937 0.290881 0.033827
10 0.860849 0.386892 0.092767 0.135307
0 0.066038 0.294926 0.028302 0.141649