15 0.523838 0.403960 0.246722 0.277228
0 0.365912 0.395050 0.274136 0.572277
18 0.676400 0.637624 0.520858 0.613861
12 0.674613 0.113861 0.426698 0.223762
3 0.693683 0.292079 0.467223 0.584158
11 0.370679 0.736634 0.162098 0.483168
1 0.054827 0.280198 0.069130 0.223762
5 0.150775 0.461386 0.156138 0.257426
19 0.042312 0.030693 0.079857 0.061386
8 0.101907 0.038614 0.103695 0.077228
2 0.268176 0.050495 0.205006 0.100990
4 0.101311 0.224752 0.123957 0.449505
9 0.233611 0.281188 0.212157 0.558416
14 0.040524 0.200990 0.071514 0.295050