2 0.447431 0.187599 0.309438 0.241653
8 0.201314 0.174881 0.240143 0.200318
19 0.094385 0.281399 0.021505 0.031797
4 0.200717 0.342607 0.260454 0.561208
14 0.059140 0.344992 0.065711 0.178060
12 0.827360 0.187599 0.342891 0.279809
3 0.814217 0.226550 0.369176 0.443561
0 0.614098 0.509539 0.683393 0.472178
18 0.814217 0.772655 0.369176 0.352941
15 0.884110 0.541335 0.229391 0.170111
13 0.053763 0.260731 0.052569 0.063593
11 0.589606 0.818760 0.264038 0.359300
1 0.084229 0.452305 0.096774 0.170111
20 0.523895 0.029412 0.464755 0.058824