7 0.464329 0.265523 0.435308 0.259804
10 0.373035 0.519608 0.221282 0.153595
10 0.152963 0.379085 0.078597 0.114379
16 0.108827 0.647059 0.072551 0.143791
6 0.125151 0.649510 0.129383 0.266340
17 0.249698 0.651144 0.380895 0.459150
13 0.304111 0.400327 0.368803 0.238562
14 0.504837 0.549020 0.209190 0.392157
5 0.735792 0.638072 0.257557 0.171569
2 0.859129 0.246732 0.081016 0.166667
8 0.726723 0.281046 0.174123 0.225490
20 0.630593 0.140523 0.347037 0.068627
4 0.721886 0.419118 0.251511 0.544118
0 0.878476 0.383987 0.126965 0.362745
15 0.926844 0.276144 0.027811 0.127451
18 0.940750 0.422386 0.021765 0.083333
11 0.897219 0.526144 0.074970 0.160131
1 0.475212 0.750817 0.195889 0.243464