1 0.458609 0.731898 0.113687 0.297456
11 0.140728 0.512720 0.073951 0.180039
15 0.094923 0.344423 0.004415 0.066536
10 0.613687 0.572407 0.167770 0.107632
10 0.795806 0.456947 0.024283 0.107632
19 0.305740 0.358121 0.079470 0.058708
0 0.129691 0.389432 0.076159 0.270059
5 0.270419 0.624266 0.238411 0.211350
20 0.355960 0.118395 0.285872 0.052838
16 0.777042 0.648728 0.072848 0.127202
14 0.461921 0.494129 0.210817 0.381605
17 0.636313 0.660470 0.365342 0.358121
6 0.745033 0.523483 0.105960 0.142857
7 0.469647 0.244618 0.330022 0.230920
13 0.600442 0.442270 0.399558 0.317025
2 0.178808 0.227006 0.088300 0.180039
4 0.286424 0.390411 0.162252 0.565558
9 0.176049 0.336595 0.122517 0.461840