17 0.328371 0.703488 0.548161 0.379070
6 0.218914 0.596512 0.206655 0.123256
10 0.449212 0.575581 0.232925 0.151163
10 0.108581 0.548837 0.049037 0.074419
13 0.389667 0.467442 0.516637 0.195349
7 0.527145 0.304651 0.336252 0.148837
19 0.742557 0.341860 0.091068 0.060465
20 0.606830 0.224419 0.267951 0.048837
8 0.743433 0.284884 0.092820 0.132558
2 0.803853 0.273256 0.084063 0.104651
14 0.630473 0.519767 0.147110 0.258140
4 0.743433 0.420930 0.145359 0.423256
5 0.770578 0.577907 0.161121 0.183721
9 0.812609 0.365116 0.115587 0.311628
0 0.871278 0.354651 0.036778 0.137209
1 0.611208 0.679070 0.157618 0.297674
11 0.855517 0.476744 0.054291 0.153488