15 0.955157 0.290970 0.011211 0.036789
0 0.937780 0.333612 0.054933 0.178930
14 0.441143 0.498328 0.411435 0.387960
11 0.901906 0.486622 0.088565 0.173913
9 0.871076 0.350334 0.125561 0.433110
4 0.723655 0.403010 0.232063 0.558528
5 0.758408 0.626254 0.265695 0.222408
2 0.864910 0.224080 0.084081 0.140468
8 0.743274 0.261706 0.150224 0.215719
19 0.676009 0.337793 0.177130 0.153846
20 0.676009 0.126254 0.367713 0.061873
7 0.513453 0.231605 0.396861 0.225753
13 0.293722 0.392140 0.479821 0.279264
17 0.272982 0.690635 0.447309 0.404682
6 0.184417 0.774247 0.216368 0.210702
16 0.082399 0.648829 0.066143 0.170569
1 0.509529 0.744983 0.184978 0.329431
10 0.284193 0.586957 0.308296 0.120401