6 0.818860 0.555755 0.185889 0.169065
10 0.562415 0.534173 0.259159 0.165468
1 0.354138 0.695144 0.151967 0.332734
17 0.646540 0.645683 0.552239 0.431655
10 0.875848 0.441547 0.031208 0.044964
13 0.579376 0.404676 0.588874 0.172662
7 0.436228 0.261691 0.378562 0.142086
14 0.351425 0.515288 0.214383 0.300360
19 0.204206 0.316547 0.115332 0.075540
8 0.210312 0.255396 0.097693 0.129496
4 0.200136 0.419964 0.134328 0.462230
2 0.147218 0.248201 0.066486 0.104317
2 0.104478 0.265288 0.037992 0.066547
9 0.130258 0.371403 0.100407 0.357914
5 0.187246 0.593525 0.176391 0.183453
0 0.085482 0.404676 0.048847 0.212230
20 0.274763 0.205935 0.343284 0.073741
11 0.088195 0.491906 0.051560 0.156475