1 0.485915 0.708245 0.165173 0.334038
11 0.127401 0.476744 0.075544 0.200846
10 0.657490 0.524313 0.213828 0.173362
19 0.318822 0.289641 0.087068 0.071882
18 0.076825 0.409091 0.017926 0.120507
0 0.112676 0.357294 0.084507 0.295983
5 0.268246 0.598309 0.241997 0.198732
20 0.334187 0.080338 0.440461 0.067653
16 0.859795 0.652220 0.065301 0.120507
14 0.480154 0.512685 0.230474 0.327696
17 0.722791 0.640592 0.364917 0.405920
6 0.832266 0.577167 0.135723 0.194503
7 0.530090 0.220930 0.368758 0.230444
13 0.667734 0.405920 0.408451 0.257928
2 0.131242 0.158562 0.072983 0.139535
2 0.198464 0.175476 0.099872 0.177590
9 0.186300 0.320296 0.139565 0.484144
4 0.297695 0.373150 0.157490 0.577167
8 0.408451 0.267442 0.138284 0.251586
8 0.296415 0.194503 0.101152 0.194503