12 0.486865 0.248252 0.392294 0.174825
15 0.517513 0.496503 0.138354 0.228438
15 0.147986 0.388112 0.033275 0.137529
18 0.404553 0.639860 0.577933 0.398601
3 0.380035 0.434732 0.462347 0.314685
20 0.626095 0.160839 0.432574 0.060606
19 0.925569 0.261072 0.043783 0.065268
2 0.787215 0.242424 0.092820 0.144522
8 0.857268 0.222611 0.092820 0.109557
4 0.862522 0.336830 0.124343 0.361305
5 0.835377 0.523310 0.136602 0.170163
9 0.795096 0.374126 0.129597 0.435897
11 0.700525 0.644522 0.133100 0.310023
1 0.918564 0.396270 0.050788 0.144522
0 0.646235 0.454545 0.276708 0.279720
14 0.936077 0.311189 0.026270 0.048951