11 0.903092 0.653846 0.189061 0.341223
1 0.066587 0.739645 0.133175 0.516765
8 0.201546 0.128205 0.177170 0.209073
8 0.473246 0.102564 0.330559 0.205128
4 0.432818 0.388560 0.466112 0.773176
5 0.516052 0.725838 0.601665 0.149901
14 0.108205 0.449704 0.214031 0.714004
7 0.111772 0.059172 0.223543 0.118343
9 0.768133 0.349112 0.306778 0.698225
2 0.866825 0.085799 0.047562 0.171598
2 0.757432 0.088757 0.159334 0.177515
0 0.899524 0.459566 0.198573 0.429980
3 0.960166 0.129191 0.079667 0.258383
13 0.023781 0.165680 0.047562 0.102564