13 0.647795 0.405892 0.554231 0.307692
10 0.710369 0.599018 0.331347 0.166939
16 0.936830 0.692308 0.073897 0.160393
17 0.734803 0.679214 0.487485 0.540098
14 0.458284 0.479542 0.275328 0.422259
1 0.474374 0.729951 0.209774 0.360065
19 0.246722 0.279051 0.150179 0.106383
8 0.228248 0.190671 0.120381 0.191489
2 0.138260 0.166121 0.073897 0.135843
2 0.095948 0.148118 0.039333 0.086743
20 0.369487 0.096563 0.286055 0.049100
7 0.469011 0.203764 0.387366 0.194763
11 0.081049 0.409984 0.083433 0.178396
9 0.116210 0.291326 0.132300 0.409165
4 0.239571 0.362520 0.190703 0.554828
15 0.037545 0.219313 0.010727 0.029460
5 0.221692 0.547463 0.276520 0.338789
0 0.061383 0.273322 0.060787 0.219313
6 0.933254 0.584288 0.092968 0.238953