18 0.365149 0.616456 0.478109 0.372152
12 0.429947 0.269620 0.338004 0.154430
11 0.601576 0.674684 0.124343 0.250633
2 0.692644 0.282278 0.099825 0.139241
9 0.699650 0.411392 0.127846 0.407595
5 0.746060 0.577215 0.157618 0.167089
19 0.837128 0.306329 0.035026 0.045570
8 0.770578 0.273418 0.087566 0.116456
4 0.776708 0.384810 0.117338 0.354430
1 0.838879 0.463291 0.052539 0.141772
14 0.849387 0.411392 0.049037 0.184810
15 0.457968 0.496203 0.159370 0.121519
15 0.155867 0.394937 0.014011 0.086076
3 0.325744 0.455696 0.332750 0.329114
2 0.615587 0.297468 0.043783 0.113924
20 0.539405 0.193671 0.294221 0.058228
0 0.547285 0.473418 0.285464 0.318987
15 0.360771 0.496203 0.080560 0.081013
15 0.170753 0.405063 0.019264 0.081013