8 0.157895 0.274624 0.117794 0.148581
4 0.147870 0.402337 0.165414 0.427379
1 0.052005 0.516694 0.068922 0.175292
16 0.840226 0.478297 0.139098 0.108514
20 0.450501 0.163606 0.547619 0.073456
5 0.193609 0.633556 0.226817 0.148581
14 0.050752 0.449917 0.068922 0.222037
12 0.730576 0.269616 0.363409 0.202003
2 0.267544 0.267947 0.119048 0.151920
2 0.430451 0.263773 0.166667 0.140234
9 0.259398 0.415693 0.182957 0.470785
11 0.387218 0.717028 0.155388 0.308848
18 0.712406 0.696995 0.500000 0.282137
15 0.605263 0.429048 0.300752 0.116861
15 0.934211 0.367279 0.018797 0.090150
3 0.689850 0.167780 0.291980 0.068447
3 0.779449 0.493322 0.363409 0.388982
0 0.483709 0.533389 0.423559 0.469115