7 0.518663 0.274155 0.384137 0.268116
20 0.372473 0.128019 0.353033 0.077295
5 0.262830 0.567633 0.149300 0.227053
19 0.281493 0.364734 0.087092 0.082126
16 0.783826 0.739130 0.105754 0.154589
13 0.622862 0.485507 0.430793 0.314010
10 0.838258 0.515700 0.027994 0.099034
10 0.554432 0.621981 0.175739 0.195652
6 0.737947 0.626812 0.188180 0.147343
1 0.402022 0.754831 0.101089 0.277778
4 0.275272 0.393720 0.102644 0.502415
17 0.647745 0.736715 0.427683 0.347826
14 0.406687 0.542271 0.172628 0.321256
8 0.276827 0.269324 0.071540 0.200483
2 0.220062 0.225845 0.076205 0.185990
11 0.188180 0.463768 0.055988 0.154589
9 0.208398 0.324879 0.090202 0.393720
0 0.163297 0.332126 0.037325 0.195652
8 0.346812 0.315217 0.071540 0.234300
2 0.175739 0.192029 0.037325 0.118357