5 0.182927 0.586996 0.192412 0.206960
8 0.173442 0.225275 0.081301 0.179487
8 0.233062 0.290293 0.040650 0.122711
1 0.356369 0.716117 0.154472 0.318681
17 0.687669 0.652015 0.581301 0.498168
13 0.598238 0.442308 0.613821 0.408425
10 0.554878 0.586996 0.277778 0.181319
14 0.355691 0.507326 0.237127 0.428571
19 0.177507 0.327839 0.121951 0.113553
4 0.179539 0.377289 0.150407 0.494505
6 0.831301 0.577839 0.207317 0.232601
7 0.434959 0.215201 0.436314 0.199634
11 0.067751 0.445971 0.065041 0.159341
2 0.096883 0.205128 0.063686 0.128205
9 0.090786 0.310440 0.086721 0.371795
0 0.035908 0.304945 0.039295 0.155678
20 0.274390 0.129121 0.397019 0.071429