11 0.157729 0.503151 0.097792 0.161765
17 0.831230 0.652311 0.334385 0.275210
4 0.274448 0.425420 0.230284 0.426471
1 0.588328 0.694328 0.223975 0.317227
7 0.487382 0.263655 0.356467 0.220588
14 0.593060 0.521008 0.470032 0.298319
0 0.131703 0.421218 0.143533 0.233193
5 0.339117 0.612395 0.280757 0.153361
20 0.358044 0.178571 0.337539 0.071429
10 0.824921 0.591387 0.145110 0.132353
13 0.706625 0.391807 0.586751 0.283613
6 0.956625 0.522059 0.083596 0.123950
19 0.285489 0.340336 0.097792 0.067227
2 0.140379 0.286765 0.037855 0.077731
3 0.096215 0.285714 0.047319 0.029412
8 0.245268 0.281513 0.127760 0.117647