11 0.907463 0.418794 0.083582 0.215777
4 0.778358 0.418794 0.189552 0.438515
19 0.750000 0.234339 0.126866 0.097448
7 0.544776 0.162413 0.355224 0.213457
13 0.354478 0.382831 0.604478 0.371230
14 0.531343 0.379350 0.420896 0.624130
10 0.297015 0.609049 0.286567 0.136891
16 0.069403 0.686775 0.091045 0.185615
17 0.256716 0.684455 0.462687 0.566125
1 0.513433 0.751740 0.208955 0.389791
5 0.760448 0.577726 0.279104 0.338747
15 0.958955 0.209977 0.010448 0.053364
18 0.959701 0.313225 0.014925 0.129930
0 0.907463 0.315545 0.116418 0.310905
19 0.402239 0.160093 0.040299 0.055684
6 0.082090 0.604408 0.071642 0.127610
6 0.034328 0.537123 0.014925 0.090487