18 0.729375 0.613787 0.538750 0.503322
10 0.756250 0.366279 0.277500 0.267442
3 0.915000 0.124585 0.160000 0.242525
0 0.640625 0.243355 0.463750 0.387043
9 0.433125 0.220100 0.143750 0.436877
4 0.372500 0.181894 0.100000 0.360465
19 0.321250 0.116279 0.045000 0.043189
1 0.327500 0.279900 0.040000 0.154485
11 0.476875 0.503322 0.128750 0.348837
8 0.384375 0.068106 0.076250 0.132890
2 0.428750 0.060631 0.072500 0.117940
14 0.317500 0.232558 0.027500 0.156146
10 0.936875 0.364618 0.121250 0.260797
5 0.366875 0.392027 0.083750 0.166113
2 0.471250 0.047342 0.050000 0.088040
2 0.610000 0.039037 0.190000 0.074751