19 0.132896 0.291866 0.127533 0.137161
10 0.545888 0.522329 0.367104 0.275917
14 0.339094 0.504785 0.227652 0.365231
13 0.634684 0.352472 0.609058 0.258373
7 0.453516 0.169059 0.568534 0.261563
20 0.294398 0.040670 0.357569 0.036683
8 0.146603 0.181021 0.090584 0.218501
8 0.212753 0.238437 0.039333 0.141946
8 0.251490 0.287081 0.033373 0.076555
2 0.038737 0.157097 0.013111 0.103668
2 0.066746 0.153907 0.042908 0.161085
9 0.063766 0.289474 0.089392 0.460925
4 0.165077 0.364434 0.168057 0.607656
1 0.379023 0.768740 0.195471 0.363636
11 0.069726 0.464115 0.089392 0.175439
6 0.880215 0.657895 0.160906 0.269537
17 0.675805 0.635566 0.636472 0.687400
15 0.006555 0.228070 0.013111 0.060606
0 0.029797 0.312600 0.059595 0.264753
5 0.171037 0.579745 0.225268 0.266348