7 0.486826 0.336394 0.376412 0.181970
19 0.685069 0.405676 0.100376 0.066778
8 0.702008 0.347245 0.176913 0.193656
13 0.306775 0.492487 0.460477 0.233723
10 0.308657 0.615192 0.293601 0.168614
16 0.037641 0.721202 0.055207 0.133556
20 0.643036 0.228715 0.352572 0.043406
14 0.499373 0.621870 0.268507 0.345576
5 0.755960 0.668614 0.257215 0.188648
9 0.855709 0.425710 0.150565 0.387312
2 0.854454 0.304674 0.130489 0.125209
15 0.955458 0.353088 0.013802 0.038397
0 0.916562 0.452421 0.086575 0.260434
1 0.494981 0.785476 0.199498 0.305509
11 0.919072 0.545910 0.058971 0.166945
17 0.234630 0.729549 0.446675 0.454090
6 0.089084 0.630217 0.105395 0.111853
4 0.713927 0.487479 0.203262 0.510851