9 0.225450 0.303093 0.121715 0.367010
11 0.177732 0.450515 0.078838 0.167010
2 0.230982 0.200000 0.077455 0.144330
14 0.550484 0.457732 0.276625 0.292784
17 0.733748 0.622680 0.319502 0.259794
4 0.337483 0.344330 0.171508 0.453608
1 0.515906 0.645361 0.141079 0.272165
8 0.331950 0.218557 0.116183 0.173196
6 0.782158 0.538144 0.195021 0.115464
10 0.704703 0.517526 0.170124 0.098969
13 0.668741 0.407216 0.413555 0.237113
10 0.881743 0.471134 0.012448 0.076289
19 0.356846 0.304124 0.066390 0.063918
0 0.168741 0.346392 0.091286 0.226804
5 0.311895 0.543299 0.244813 0.183505
20 0.385892 0.115464 0.312586 0.041237
15 0.135546 0.265979 0.016598 0.037113
7 0.539419 0.223711 0.334716 0.195876