11 0.510131 0.823819 0.171633 0.352362
12 0.302741 0.288386 0.355185 0.238189
19 0.855185 0.349409 0.044100 0.080709
1 0.878427 0.584646 0.090584 0.228346
15 0.106079 0.426181 0.045292 0.135827
15 0.377831 0.512795 0.200238 0.163386
10 0.916567 0.390748 0.023838 0.061024
18 0.288439 0.687008 0.426698 0.433071
4 0.768176 0.435039 0.199046 0.551181
3 0.336114 0.194882 0.295590 0.129921
3 0.262813 0.474409 0.313468 0.307087
15 0.292014 0.158465 0.057211 0.029528
9 0.629917 0.462598 0.225268 0.606299
16 0.180572 0.711614 0.122765 0.131890
2 0.613826 0.278543 0.162098 0.202756
8 0.758045 0.274606 0.143027 0.190945
20 0.479142 0.137795 0.362336 0.047244
13 0.886770 0.345472 0.040524 0.057087
14 0.889154 0.487205 0.090584 0.277559
0 0.514303 0.576772 0.213349 0.440945
5 0.736591 0.703740 0.231228 0.159449