12 0.610820 0.240698 0.394415 0.197674
20 0.451134 0.139535 0.357766 0.069767
15 0.712914 0.516279 0.137871 0.162791
15 0.918848 0.390698 0.043630 0.144186
3 0.750436 0.411628 0.373473 0.297674
16 0.865620 0.616279 0.069808 0.153488
18 0.689354 0.615116 0.513089 0.388372
0 0.513962 0.472093 0.424084 0.274419
5 0.222513 0.531395 0.221640 0.216279
11 0.410122 0.652326 0.160558 0.286047
2 0.280105 0.226744 0.127400 0.155814
2 0.345550 0.253488 0.048866 0.130233
9 0.284468 0.365116 0.198953 0.446512
8 0.182373 0.209302 0.113438 0.125581
19 0.100349 0.233721 0.061082 0.044186
4 0.168412 0.320930 0.151832 0.367442
1 0.093368 0.387209 0.064572 0.160465
14 0.074171 0.313953 0.047120 0.130233