7 0.537725 0.197749 0.409581 0.244373
20 0.654491 0.069132 0.331737 0.054662
13 0.396407 0.398714 0.562874 0.324759
19 0.782036 0.289389 0.095808 0.083601
19 0.373054 0.190514 0.025150 0.030547
6 0.192216 0.541801 0.147305 0.144695
8 0.780240 0.196141 0.094611 0.225080
1 0.621557 0.685691 0.119760 0.255627
4 0.782036 0.324759 0.138922 0.495177
17 0.338323 0.635852 0.516168 0.387460
10 0.368263 0.599678 0.176048 0.099678
10 0.101198 0.449357 0.037126 0.107717
14 0.591617 0.467846 0.263473 0.311897
2 0.855090 0.169614 0.088623 0.168810
9 0.858683 0.254823 0.107784 0.355305
11 0.876048 0.399518 0.063473 0.136656
0 0.912575 0.241961 0.023952 0.117363