16 0.777933 0.694981 0.178771 0.162162
6 0.726955 0.573359 0.333799 0.262548
10 0.457402 0.560811 0.252793 0.156371
10 0.866620 0.416988 0.048883 0.111969
17 0.603352 0.707529 0.600559 0.411197
1 0.301676 0.711390 0.114525 0.337838
13 0.557961 0.394788 0.618715 0.291506
7 0.446927 0.188224 0.430168 0.214286
14 0.300978 0.458494 0.163408 0.326255
19 0.167598 0.259653 0.122905 0.110039
8 0.179469 0.194015 0.054469 0.171815
4 0.186453 0.345560 0.110335 0.513514
19 0.649441 0.211390 0.025140 0.032819
20 0.340084 0.081081 0.375698 0.057915
2 0.148045 0.174710 0.022346 0.121622
2 0.136872 0.182432 0.019553 0.083012
11 0.141760 0.444981 0.051676 0.160232
9 0.135475 0.243243 0.050279 0.274131
0 0.114525 0.283784 0.016760 0.127413
5 0.172486 0.479730 0.132682 0.303089