11 0.839112 0.446226 0.063800 0.160377
2 0.808599 0.220755 0.052705 0.116981
14 0.655340 0.512264 0.159501 0.247170
17 0.406380 0.677358 0.471567 0.373585
4 0.766297 0.378302 0.137309 0.443396
4 0.684466 0.368868 0.042996 0.073585
1 0.643551 0.700000 0.110957 0.271698
8 0.756588 0.255660 0.106796 0.186792
6 0.298890 0.666981 0.234397 0.186792
10 0.497226 0.558491 0.170596 0.128302
10 0.206657 0.468868 0.049931 0.118868
13 0.441054 0.452830 0.449376 0.222642
16 0.277393 0.771698 0.127601 0.116981
19 0.751040 0.339623 0.092926 0.064151
0 0.846047 0.372642 0.063800 0.235849
5 0.765603 0.557547 0.133148 0.186792
20 0.631761 0.158491 0.337032 0.064151
7 0.521498 0.283962 0.377254 0.224528
7 0.441748 0.363208 0.167822 0.032075