7 0.496407 0.198873 0.429940 0.217391
8 0.269461 0.215781 0.182036 0.238325
4 0.247305 0.365539 0.197605 0.553945
1 0.453293 0.739936 0.188024 0.326892
11 0.091018 0.422705 0.079042 0.162641
9 0.126946 0.291465 0.126946 0.409018
2 0.132934 0.169082 0.093413 0.148148
19 0.273054 0.309179 0.174850 0.115942
13 0.664671 0.375201 0.481437 0.222222
20 0.298204 0.092593 0.407186 0.059581
16 0.880240 0.655395 0.091018 0.173913
10 0.722754 0.657005 0.178443 0.138486
5 0.231138 0.576490 0.258683 0.254428
14 0.451497 0.480676 0.246707 0.355878
15 0.050898 0.219807 0.022754 0.043478
0 0.080838 0.317230 0.082635 0.283414
10 0.664072 0.504026 0.197605 0.103060
17 0.703593 0.665862 0.451497 0.507246
6 0.882036 0.601449 0.087425 0.149758
10 0.704192 0.641707 0.129341 0.098229