5 0.399281 0.691489 0.477218 0.086743
1 0.109712 0.631751 0.123501 0.180033
17 0.041367 0.570376 0.034772 0.158756
10 0.046163 0.487725 0.022782 0.032733
14 0.113909 0.541735 0.136691 0.216039
19 0.197242 0.397709 0.032374 0.042553
8 0.187050 0.384615 0.071942 0.104746
13 0.111511 0.426350 0.074341 0.067103
8 0.312350 0.319149 0.200240 0.189853
4 0.294964 0.445172 0.268585 0.448445
9 0.523981 0.449264 0.294964 0.479542
2 0.521583 0.289689 0.182254 0.140753
20 0.573141 0.209493 0.477218 0.052373
2 0.714628 0.280687 0.148681 0.132570
15 0.904077 0.452537 0.093525 0.093290
11 0.772182 0.722586 0.211031 0.260229
0 0.752998 0.505728 0.345324 0.366612
18 0.907074 0.616203 0.133094 0.227496
12 0.875899 0.281506 0.092326 0.117840
3 0.870504 0.304419 0.163070 0.206219