14 0.575282 0.513356 0.269762 0.325543
7 0.545169 0.262938 0.390213 0.178631
13 0.360100 0.432387 0.584693 0.270451
17 0.289210 0.686144 0.520703 0.464107
10 0.360100 0.638564 0.321205 0.158598
16 0.101631 0.683639 0.105395 0.158598
6 0.138018 0.652755 0.193225 0.243740
20 0.655583 0.166945 0.319950 0.046745
4 0.766625 0.408180 0.143036 0.459098
19 0.776662 0.330551 0.102886 0.090150
8 0.766625 0.257095 0.085320 0.140234
5 0.768507 0.590150 0.214555 0.222037
9 0.851317 0.349750 0.106650 0.342237
2 0.835006 0.242905 0.066499 0.111853
18 0.934128 0.378130 0.016311 0.121870
1 0.580928 0.717863 0.155583 0.313856
0 0.900878 0.357262 0.052698 0.247078
11 0.887704 0.460768 0.061481 0.160267