11 0.441057 0.760171 0.218157 0.385439
2 0.498645 0.222698 0.281843 0.239829
18 0.231030 0.653105 0.372629 0.462527
12 0.232385 0.231263 0.288618 0.231263
3 0.178862 0.416488 0.238482 0.289079
15 0.289295 0.482869 0.188347 0.177730
0 0.483062 0.451820 0.378049 0.595289
8 0.755420 0.180942 0.226287 0.186296
20 0.506775 0.085653 0.498645 0.085653
19 0.886179 0.255889 0.046070 0.079229
4 0.769648 0.384368 0.271003 0.597430
14 0.937669 0.388651 0.108401 0.344754
1 0.932927 0.489293 0.098916 0.224839
5 0.722900 0.665953 0.329268 0.214133
3 0.278455 0.101713 0.199187 0.049251
17 0.987805 0.419700 0.013550 0.119914