6 0.123905 0.564167 0.140175 0.158333
8 0.713392 0.315000 0.137672 0.173333
1 0.474969 0.736667 0.171464 0.306667
17 0.214018 0.683333 0.397997 0.333333
10 0.282854 0.613333 0.145181 0.126667
10 0.056320 0.486667 0.042553 0.123333
13 0.333542 0.485833 0.526909 0.315000
16 0.087610 0.675833 0.095119 0.131667
5 0.719650 0.639167 0.307885 0.211667
14 0.476220 0.553333 0.329161 0.310000
11 0.879224 0.529167 0.081352 0.161667
19 0.691489 0.406667 0.093867 0.090000
9 0.839174 0.391667 0.133917 0.363333
0 0.909262 0.415000 0.088861 0.246667
2 0.837297 0.290000 0.107635 0.136667
20 0.659574 0.212500 0.382979 0.065000
7 0.506884 0.305000 0.347935 0.193333
4 0.717772 0.438333 0.176471 0.460000