7 0.527923 0.367133 0.357766 0.179487
20 0.600349 0.266900 0.275742 0.044289
13 0.437173 0.533800 0.476440 0.265734
10 0.520942 0.671329 0.218150 0.167832
10 0.191972 0.589744 0.041885 0.139860
6 0.349040 0.681818 0.289703 0.198135
17 0.424084 0.780886 0.520070 0.349650
14 0.664921 0.557110 0.122164 0.275058
19 0.744328 0.423077 0.089005 0.076923
8 0.737347 0.346154 0.054101 0.128205
4 0.739092 0.463869 0.085515 0.400932
5 0.753927 0.622378 0.090750 0.219114
1 0.672775 0.761072 0.068063 0.277389
11 0.798429 0.510490 0.036649 0.135198
2 0.767888 0.328671 0.041885 0.107226
2 0.785340 0.319347 0.013962 0.055944
9 0.778360 0.404429 0.073298 0.282051
0 0.807155 0.383450 0.029668 0.142191
19 0.371728 0.376457 0.031414 0.039627