15 0.058863 0.231225 0.004060 0.039526
17 0.692152 0.698617 0.504736 0.381423
1 0.421516 0.743083 0.155616 0.328063
14 0.438430 0.491107 0.270636 0.381423
13 0.646820 0.416008 0.543978 0.322134
6 0.825440 0.537549 0.208390 0.162055
7 0.481732 0.202569 0.422192 0.239130
10 0.616373 0.598814 0.234100 0.134387
19 0.254398 0.310277 0.105548 0.075099
8 0.236130 0.194664 0.109608 0.199605
4 0.235453 0.378458 0.162382 0.586957
20 0.322057 0.081028 0.389716 0.063241
5 0.228011 0.598814 0.228687 0.241107
2 0.146820 0.170949 0.069012 0.156126
2 0.102842 0.158103 0.027064 0.102767
9 0.133288 0.307312 0.109608 0.440711
0 0.074425 0.280632 0.043302 0.150198
11 0.104195 0.450593 0.078484 0.181818
14 0.880920 0.411067 0.132612 0.181818
18 0.056157 0.362648 0.014885 0.077075