11 0.088468 0.452128 0.069510 0.172340
2 0.108215 0.232979 0.023697 0.078723
14 0.412322 0.505319 0.372828 0.346809
17 0.700632 0.682979 0.560821 0.408511
4 0.160348 0.441489 0.159558 0.329787
1 0.382306 0.712766 0.173776 0.361702
6 0.842812 0.546809 0.159558 0.170213
10 0.596367 0.613830 0.175355 0.125532
10 0.763823 0.572340 0.036335 0.089362
10 0.922591 0.475532 0.018957 0.053191
13 0.612954 0.410638 0.685624 0.302128
0 0.075039 0.358511 0.083728 0.231915
5 0.204581 0.581915 0.184834 0.202128
20 0.308847 0.147872 0.352291 0.053191
3 0.073460 0.232979 0.048973 0.031915
7 0.406793 0.236170 0.393365 0.187234