7 0.556024 0.189394 0.427711 0.234007
19 0.827711 0.279461 0.108434 0.117845
1 0.628313 0.743266 0.162651 0.341751
14 0.630723 0.533670 0.254217 0.313131
6 0.144578 0.650673 0.180723 0.372054
17 0.400602 0.760101 0.413253 0.361953
13 0.409639 0.396465 0.698795 0.321549
2 0.902410 0.150673 0.057831 0.129630
8 0.815663 0.189394 0.142169 0.210438
4 0.828313 0.357744 0.181928 0.570707
11 0.913253 0.442761 0.086747 0.171717
9 0.913253 0.289562 0.086747 0.417508
20 0.660843 0.062290 0.331325 0.043771
10 0.405422 0.591751 0.295181 0.196970
0 0.953614 0.265993 0.034940 0.134680