3 0.754989 0.344544 0.330377 0.455904
12 0.742794 0.230942 0.272727 0.174888
16 0.877494 0.415546 0.067627 0.101644
5 0.284922 0.653961 0.259424 0.115097
18 0.676275 0.594918 0.536585 0.367713
0 0.580377 0.449178 0.242794 0.267564
20 0.503326 0.171898 0.456763 0.104634
15 0.692350 0.450673 0.207317 0.124066
11 0.548226 0.735426 0.209534 0.316891
1 0.131929 0.612855 0.088692 0.170404
4 0.211752 0.426756 0.168514 0.402093
9 0.366962 0.428999 0.206208 0.445441
2 0.488914 0.286996 0.088692 0.128550
2 0.371397 0.307175 0.146341 0.159940
8 0.220621 0.332586 0.119734 0.168909
13 0.103659 0.404335 0.025499 0.037369
19 0.140244 0.410314 0.080931 0.067265
14 0.104213 0.485800 0.070953 0.128550
17 0.110865 0.535127 0.048780 0.056801