10 0.952174 0.441038 0.064348 0.042453
2 0.214783 0.290094 0.262609 0.155660
2 0.048696 0.304245 0.097391 0.113208
1 0.836522 0.599057 0.170435 0.221698
5 0.437391 0.699292 0.624348 0.101415
4 0.533043 0.439858 0.377391 0.483491
20 0.266957 0.206368 0.533913 0.068396
17 0.953913 0.548349 0.064348 0.181604
13 0.822609 0.356132 0.246957 0.084906
14 0.839130 0.512972 0.262609 0.275943
0 0.087826 0.534198 0.175652 0.351415
11 0.056522 0.707547 0.113043 0.278302
9 0.205217 0.450472 0.410435 0.504717
8 0.657391 0.331368 0.066087 0.073113
8 0.501739 0.288915 0.266087 0.158019