15 0.424561 0.516355 0.242105 0.140187
15 0.064035 0.397196 0.015789 0.056075
3 0.267544 0.466121 0.422807 0.371495
12 0.392982 0.272196 0.428070 0.170561
18 0.303509 0.689252 0.543860 0.429907
0 0.588596 0.533879 0.257895 0.366822
20 0.575439 0.199766 0.361404 0.049065
2 0.727193 0.314252 0.131579 0.151869
8 0.835965 0.313084 0.114035 0.163551
4 0.842105 0.432243 0.133333 0.401869
9 0.742105 0.457944 0.168421 0.467290
14 0.914035 0.481308 0.059649 0.182243
11 0.600877 0.771028 0.166667 0.308411
1 0.910526 0.539720 0.052632 0.163551
5 0.784211 0.660047 0.200000 0.175234
19 0.914035 0.363318 0.066667 0.053738
15 0.278070 0.510514 0.142105 0.105140
2 0.619298 0.320093 0.091228 0.116822