1 0.131206 0.450188 0.066667 0.156015
11 0.417021 0.734962 0.167376 0.327068
15 0.613475 0.484023 0.234043 0.163534
15 0.904255 0.383459 0.029787 0.060150
12 0.643262 0.222744 0.395745 0.182331
2 0.336170 0.207707 0.141844 0.163534
8 0.226950 0.199248 0.136170 0.150376
19 0.121277 0.264098 0.055319 0.073308
5 0.238298 0.578008 0.190071 0.197368
18 0.682979 0.642857 0.509220 0.398496
4 0.212057 0.341165 0.182979 0.449248
14 0.115603 0.390977 0.058156 0.172932
13 0.117021 0.291353 0.035461 0.026316
0 0.383688 0.461466 0.299291 0.366541
3 0.706383 0.433271 0.419858 0.328947
3 0.579433 0.125000 0.316312 0.054511
20 0.437589 0.109962 0.432624 0.058271