7 0.493108 0.285000 0.342105 0.186667
8 0.691729 0.271667 0.105263 0.166667
4 0.695489 0.398333 0.155388 0.453333
1 0.521303 0.687500 0.142857 0.271667
17 0.291980 0.679167 0.418546 0.285000
10 0.332707 0.605000 0.194236 0.096667
13 0.342732 0.435000 0.472431 0.283333
16 0.135965 0.666667 0.083960 0.126667
20 0.639098 0.175000 0.388471 0.056667
5 0.715539 0.551667 0.200501 0.193333
14 0.521303 0.511667 0.213033 0.310000
2 0.793233 0.242500 0.090226 0.135000
2 0.842105 0.217500 0.052632 0.085000
9 0.803885 0.338333 0.126566 0.350000
11 0.837719 0.444167 0.053885 0.131667
15 0.891604 0.275000 0.008772 0.036667
19 0.680451 0.343333 0.102757 0.066667
6 0.169799 0.566667 0.146617 0.160000
0 0.850877 0.352500 0.077694 0.238333
19 0.352757 0.275833 0.018797 0.025000