11 0.914336 0.389671 0.076923 0.169014
1 0.538462 0.667840 0.174825 0.312207
9 0.880245 0.275822 0.124126 0.382629
2 0.929196 0.159624 0.026224 0.046948
2 0.871503 0.157277 0.078671 0.122066
14 0.527098 0.481221 0.291958 0.323944
17 0.265734 0.609155 0.458042 0.471831
4 0.755245 0.346244 0.185315 0.518779
8 0.746503 0.203052 0.153846 0.199531
6 0.145105 0.484742 0.174825 0.237089
10 0.312937 0.531690 0.300699 0.204225
13 0.336538 0.369718 0.543706 0.349765
19 0.738636 0.286385 0.120629 0.079812
0 0.934441 0.265258 0.089161 0.206573
15 0.975524 0.213615 0.010490 0.037559
7 0.518357 0.198357 0.407343 0.218310
20 0.657343 0.083333 0.346154 0.072770
5 0.780594 0.508216 0.232517 0.232394