18 0.682692 0.630588 0.536713 0.395294
9 0.306818 0.364706 0.232517 0.461176
11 0.390734 0.632941 0.145105 0.301176
2 0.317308 0.224706 0.169580 0.157647
12 0.614510 0.224706 0.368881 0.162353
14 0.069930 0.363529 0.073427 0.214118
4 0.170455 0.330588 0.190559 0.392941
1 0.088287 0.405882 0.082168 0.157647
8 0.186189 0.209412 0.131119 0.131765
13 0.072552 0.260000 0.033217 0.025882
19 0.095280 0.242353 0.054196 0.042353
0 0.490385 0.451765 0.400350 0.362353
5 0.201049 0.538824 0.188811 0.183529
20 0.464161 0.130588 0.330420 0.049412
3 0.744755 0.428235 0.367133 0.348235
15 0.933566 0.392941 0.017483 0.089412
15 0.638112 0.487059 0.269231 0.183529