14 0.434444 0.516966 0.157778 0.359281
9 0.216111 0.367265 0.094444 0.439122
11 0.183889 0.540918 0.067778 0.195609
17 0.665556 0.689621 0.424444 0.461078
4 0.301111 0.421158 0.137778 0.550898
1 0.446111 0.748503 0.132222 0.331337
7 0.513333 0.249501 0.357778 0.211577
13 0.625556 0.418164 0.411111 0.213573
19 0.311111 0.350299 0.064444 0.069860
0 0.159444 0.370259 0.032222 0.189621
10 0.577778 0.554890 0.204444 0.171657
20 0.406111 0.136727 0.254444 0.037924
19 0.310000 0.351297 0.064444 0.063872
6 0.777778 0.658683 0.193333 0.195609
16 0.805000 0.783433 0.101111 0.125749
10 0.836667 0.463074 0.040000 0.107784
8 0.300556 0.260479 0.090000 0.185629
2 0.228889 0.233533 0.053333 0.143713
2 0.198889 0.228543 0.015556 0.097804
5 0.290556 0.643713 0.167778 0.173653