18 0.170999 0.744966 0.339261 0.362416
9 0.590287 0.457494 0.272230 0.565996
11 0.410397 0.819911 0.213406 0.337808
2 0.593707 0.281879 0.177839 0.183445
2 0.361833 0.277405 0.253078 0.161074
12 0.109439 0.298658 0.177839 0.230425
14 0.934337 0.510067 0.112175 0.246085
17 0.988372 0.498881 0.015048 0.165548
4 0.791382 0.440716 0.236662 0.523490
1 0.933653 0.576063 0.102599 0.203579
8 0.779070 0.284116 0.176471 0.183445
10 0.989056 0.425056 0.021888 0.080537
13 0.948016 0.373602 0.062927 0.049217
19 0.898085 0.346756 0.042408 0.067114
0 0.324213 0.548098 0.487004 0.420582
5 0.707250 0.721477 0.372093 0.181208
20 0.419289 0.140940 0.474692 0.035794
15 0.150479 0.501119 0.259918 0.138702
3 0.153899 0.178971 0.119015 0.089485
3 0.061560 0.565996 0.120383 0.407159