7 0.439011 0.261194 0.354945 0.170149
13 0.601648 0.452985 0.596703 0.261194
20 0.309890 0.165672 0.389011 0.056716
11 0.096703 0.447015 0.050549 0.159701
1 0.390110 0.705224 0.153846 0.320896
8 0.218132 0.249254 0.086813 0.149254
19 0.219780 0.342537 0.105495 0.111940
9 0.143956 0.344776 0.101099 0.358209
2 0.156593 0.231343 0.067033 0.122388
2 0.114286 0.219403 0.059341 0.095522
4 0.212637 0.400000 0.128571 0.462687
14 0.391758 0.510448 0.269231 0.331343
5 0.204396 0.586567 0.208791 0.259701
0 0.083516 0.358955 0.039560 0.204478
6 0.832967 0.602239 0.164835 0.162687
10 0.587912 0.591791 0.252747 0.177612
17 0.673626 0.711940 0.536264 0.414925
16 0.871978 0.697761 0.130769 0.141791
19 0.591758 0.285821 0.025275 0.028358
2 0.128571 0.226119 0.039560 0.097015