7 0.509615 0.283217 0.389860 0.188811
20 0.400350 0.189977 0.286713 0.044289
1 0.438811 0.734266 0.132867 0.270396
17 0.694056 0.677156 0.510490 0.365967
6 0.875000 0.642191 0.117133 0.128205
10 0.595280 0.555944 0.246503 0.156177
4 0.282343 0.432401 0.138112 0.468531
14 0.417832 0.545455 0.160839 0.256410
13 0.644231 0.434732 0.529720 0.249417
0 0.170455 0.409091 0.061189 0.235431
5 0.274476 0.606061 0.164336 0.167832
9 0.206294 0.381119 0.094406 0.365967
11 0.181818 0.509324 0.066434 0.137529
2 0.209790 0.269231 0.066434 0.118881
8 0.287587 0.292541 0.085664 0.160839
8 0.356643 0.357809 0.038462 0.100233
19 0.284965 0.399767 0.094406 0.104895