8 0.305442 0.303977 0.145578 0.179924
8 0.412245 0.404356 0.043537 0.089015
1 0.487755 0.764205 0.161905 0.267045
17 0.720408 0.722538 0.401361 0.354167
6 0.854422 0.606061 0.087075 0.136364
16 0.890476 0.704545 0.061224 0.109848
10 0.706122 0.647727 0.195918 0.102273
19 0.336735 0.392045 0.072109 0.060606
7 0.526531 0.320076 0.345578 0.204545
13 0.679592 0.496212 0.434014 0.284091
14 0.538776 0.592803 0.312925 0.295455
4 0.304762 0.462121 0.176871 0.507576
11 0.131973 0.541667 0.059864 0.159091
9 0.182993 0.408144 0.112925 0.399621
2 0.192517 0.287879 0.088435 0.140152
2 0.142177 0.276515 0.039456 0.094697
0 0.111565 0.386364 0.057143 0.174242
20 0.422449 0.208333 0.235374 0.053030