6 0.084086 0.637521 0.109481 0.219015
10 0.318284 0.595925 0.227991 0.169779
1 0.492099 0.770798 0.180587 0.346350
11 0.904628 0.470289 0.093679 0.193548
19 0.739278 0.308149 0.108352 0.110357
2 0.858916 0.173175 0.076749 0.139219
8 0.742664 0.213922 0.128668 0.217317
4 0.737585 0.383701 0.202032 0.587436
9 0.870203 0.316638 0.133183 0.456706
7 0.522573 0.201188 0.367946 0.225806
20 0.648420 0.070458 0.319413 0.062818
13 0.321106 0.415110 0.540632 0.348048
17 0.235327 0.692699 0.430023 0.499151
0 0.927765 0.334465 0.076749 0.312394
2 0.902935 0.163837 0.011287 0.056027
14 0.509029 0.502547 0.279910 0.380306
5 0.750564 0.610357 0.288939 0.249576
3 0.863431 0.089983 0.083521 0.050934