1 0.434953 0.652220 0.195925 0.361522
10 0.603448 0.480973 0.203762 0.082452
6 0.818966 0.514799 0.089342 0.090909
17 0.700627 0.606765 0.501567 0.380550
14 0.452194 0.520085 0.365204 0.350951
5 0.220219 0.636364 0.224138 0.118393
19 0.212382 0.331924 0.101881 0.059197
8 0.201411 0.304440 0.148903 0.093023
4 0.194357 0.451374 0.163009 0.386892
0 0.082288 0.467230 0.089342 0.241015
13 0.605016 0.374207 0.642633 0.118393
7 0.398903 0.291755 0.289969 0.105708
20 0.274295 0.239958 0.206897 0.023256
11 0.079937 0.527484 0.072100 0.188161