1 0.223430 0.733475 0.185990 0.289979
11 0.819444 0.621535 0.136473 0.253731
15 0.926329 0.364606 0.043478 0.081023
10 0.084541 0.537313 0.103865 0.089552
19 0.422705 0.361407 0.065217 0.078891
8 0.521135 0.283582 0.196860 0.204691
4 0.484300 0.448827 0.272947 0.556503
2 0.816425 0.254797 0.079710 0.121535
9 0.704710 0.416844 0.204106 0.505330
5 0.544686 0.700426 0.415459 0.134328
0 0.867754 0.369936 0.143720 0.240938
18 0.913043 0.517058 0.067633 0.223881
14 0.228865 0.542644 0.293478 0.381663
13 0.170290 0.412580 0.277778 0.172708
17 0.100242 0.658849 0.142512 0.294243
7 0.390700 0.280384 0.192029 0.206823
20 0.504831 0.167377 0.120773 0.049041
2 0.762077 0.253731 0.036232 0.119403
3 0.900966 0.250533 0.099034 0.142857