19 0.611727 0.315451 0.038035 0.042918
7 0.405705 0.291845 0.339144 0.145923
13 0.595087 0.452790 0.537242 0.231760
14 0.405705 0.515021 0.323296 0.278970
10 0.561807 0.634120 0.226624 0.156652
10 0.870840 0.507511 0.026941 0.079399
6 0.776545 0.562232 0.142631 0.111588
17 0.645008 0.675966 0.535658 0.356223
8 0.595087 0.280043 0.045959 0.113734
4 0.185420 0.429185 0.136292 0.403433
8 0.187797 0.296137 0.080824 0.128755
19 0.192552 0.360515 0.074485 0.051502
2 0.141838 0.288627 0.039620 0.083691
5 0.201268 0.598712 0.148970 0.154506
0 0.110143 0.417382 0.064976 0.225322
20 0.312203 0.216738 0.282092 0.030043
1 0.354992 0.675966 0.114105 0.304721
11 0.116482 0.482833 0.052298 0.167382
16 0.824089 0.672747 0.085578 0.126609
4 0.618859 0.326180 0.039620 0.042918