7 0.387845 0.081667 0.409774 0.160000
8 0.089599 0.091667 0.104010 0.173333
4 0.079574 0.290833 0.156642 0.581667
1 0.302632 0.650833 0.246867 0.461667
17 0.640977 0.576667 0.715539 0.606667
10 0.582080 0.298333 0.354637 0.233333
13 0.575188 0.206667 0.739348 0.203333
16 0.934837 0.525000 0.130326 0.156667
5 0.071429 0.559167 0.142857 0.128333
14 0.295739 0.370833 0.345865 0.551667
2 0.035088 0.109167 0.070175 0.145000
9 0.041980 0.143333 0.081454 0.253333
11 0.013158 0.540000 0.023810 0.050000
19 0.073308 0.103333 0.146617 0.083333
6 0.865915 0.424167 0.258145 0.285000