16 0.921492 0.620061 0.067929 0.127660
10 0.729955 0.574468 0.272829 0.069909
6 0.844655 0.710486 0.159243 0.129179
1 0.528396 0.686930 0.168151 0.279635
11 0.143096 0.467325 0.081292 0.153495
19 0.363029 0.338906 0.138085 0.088146
13 0.732739 0.390578 0.443207 0.215805
5 0.282294 0.581307 0.237194 0.171733
17 0.680401 0.635258 0.559020 0.361702
14 0.591871 0.484802 0.381960 0.328267
7 0.543987 0.265957 0.404232 0.215805
8 0.307906 0.263678 0.150334 0.165653
2 0.195434 0.239362 0.070156 0.117021
15 0.095768 0.294833 0.008909 0.021277
4 0.312918 0.406535 0.202673 0.472644
9 0.179844 0.354103 0.119154 0.367781
0 0.125278 0.380699 0.081292 0.262918
20 0.370824 0.155775 0.336303 0.047112