9 0.185315 0.396714 0.122378 0.328638
11 0.148601 0.511737 0.080420 0.164319
2 0.191434 0.295775 0.096154 0.103286
14 0.505245 0.524648 0.314685 0.326291
17 0.730769 0.640845 0.433566 0.408451
4 0.286713 0.444836 0.160839 0.424883
1 0.513112 0.705399 0.187063 0.316901
8 0.283217 0.306338 0.108392 0.124413
6 0.930944 0.536385 0.019231 0.082160
10 0.691434 0.600939 0.239510 0.093897
13 0.649476 0.438967 0.540210 0.248826
19 0.292832 0.377934 0.092657 0.089202
0 0.114510 0.396714 0.047203 0.164319
5 0.288462 0.620892 0.265734 0.199531
20 0.368007 0.223005 0.305944 0.042254
7 0.479895 0.300469 0.326923 0.150235
19 0.612762 0.289906 0.033217 0.030516
6 0.869755 0.580986 0.071678 0.082160