7 0.429319 0.291860 0.342059 0.174419
13 0.590750 0.462791 0.556719 0.251163
10 0.598604 0.611628 0.251309 0.102326
6 0.803665 0.580233 0.137871 0.127907
17 0.655323 0.673256 0.483421 0.332558
1 0.388307 0.680233 0.137871 0.281395
14 0.422339 0.525581 0.296684 0.330233
19 0.238220 0.354651 0.092496 0.081395
8 0.215532 0.293023 0.095986 0.176744
4 0.223386 0.401163 0.146597 0.430233
5 0.207679 0.559302 0.184991 0.165116
2 0.145724 0.261628 0.095986 0.127907
9 0.136998 0.351163 0.120419 0.325581
11 0.110820 0.462791 0.071553 0.148837
0 0.061955 0.352326 0.050611 0.155814
20 0.327225 0.196512 0.298429 0.034884