11 0.661723 0.807933 0.252825 0.354906
18 0.857345 0.655532 0.276836 0.434238
15 0.832627 0.490605 0.187853 0.187891
3 0.857345 0.323591 0.268362 0.517745
12 0.881356 0.202505 0.152542 0.200418
0 0.669492 0.552192 0.460452 0.407098
9 0.485169 0.377871 0.391243 0.643006
2 0.481638 0.210856 0.285311 0.217119
4 0.231638 0.348643 0.254237 0.567850
8 0.237288 0.204593 0.180791 0.200418
19 0.112288 0.270355 0.057910 0.064718
14 0.081215 0.411273 0.128531 0.296451
5 0.288842 0.630480 0.320621 0.171190
1 0.089689 0.500000 0.108757 0.202505
17 0.022599 0.416493 0.011299 0.077244
20 0.607345 0.049061 0.500000 0.073069