20 0.548341 0.180052 0.378066 0.064767
14 0.825397 0.490933 0.051948 0.230570
17 0.849928 0.489637 0.083694 0.233161
4 0.839105 0.585492 0.090909 0.181347
5 0.694084 0.693005 0.248196 0.178756
4 0.720779 0.452073 0.194805 0.463731
19 0.790043 0.362694 0.033189 0.082902
0 0.496392 0.568653 0.308802 0.354922
3 0.332612 0.386010 0.235209 0.481865
16 0.271284 0.467617 0.080808 0.106218
12 0.349206 0.288860 0.187590 0.215026
2 0.554834 0.310881 0.174603 0.181347
11 0.484848 0.806995 0.161616 0.308290
18 0.305916 0.652850 0.239538 0.378238
15 0.394661 0.529793 0.064935 0.152850