20 0.621951 0.127635 0.271777 0.030445
9 0.850174 0.300937 0.101045 0.358314
11 0.871080 0.446136 0.055749 0.147541
14 0.621951 0.463700 0.236934 0.341920
17 0.343206 0.646370 0.585366 0.370023
4 0.786585 0.361827 0.113240 0.475410
1 0.643728 0.653396 0.123693 0.304450
7 0.550523 0.222482 0.386760 0.168618
10 0.426829 0.512881 0.289199 0.131148
10 0.094948 0.439110 0.029617 0.105386
13 0.386760 0.409836 0.581882 0.266979
0 0.908537 0.320843 0.026132 0.154567
6 0.206446 0.496487 0.200348 0.135831
19 0.787456 0.275176 0.080139 0.053864
5 0.790941 0.542155 0.139373 0.170960
8 0.786585 0.200234 0.067944 0.128806
2 0.837979 0.201405 0.062718 0.121780