11 0.907248 0.501672 0.089681 0.170569
1 0.541155 0.746656 0.175676 0.292642
7 0.522113 0.248328 0.407862 0.205686
13 0.356880 0.379599 0.465602 0.210702
14 0.560811 0.519231 0.214988 0.356187
17 0.299140 0.663043 0.433661 0.463211
6 0.199631 0.479097 0.190418 0.165552
19 0.730344 0.362876 0.143735 0.103679
2 0.869779 0.239967 0.088452 0.135452
8 0.740172 0.272575 0.163391 0.204013
4 0.739558 0.424749 0.213759 0.525084
9 0.877764 0.361204 0.124079 0.401338
20 0.656634 0.144649 0.313268 0.031773
0 0.928747 0.386288 0.068796 0.217391
5 0.766585 0.611204 0.267813 0.239130