6 0.778922 0.584551 0.179081 0.146138
6 0.752773 0.451983 0.206022 0.064718
10 0.510301 0.439457 0.209192 0.127349
7 0.478605 0.239040 0.377179 0.148225
20 0.324881 0.173278 0.285261 0.045929
13 0.617274 0.369520 0.502377 0.141962
17 0.629160 0.576200 0.491284 0.321503
14 0.360539 0.423800 0.153724 0.304802
5 0.233756 0.520877 0.125198 0.148225
1 0.377179 0.646138 0.139461 0.302714
11 0.167987 0.483299 0.053883 0.148225
2 0.206815 0.229645 0.045959 0.104384
2 0.183043 0.235908 0.020602 0.070981
8 0.255151 0.242171 0.069731 0.141962
4 0.251981 0.363257 0.110935 0.396660
9 0.188590 0.318372 0.082409 0.294363
0 0.151347 0.354906 0.036450 0.179541