6 0.770578 0.554245 0.168126 0.136792
10 0.866025 0.489387 0.012259 0.054245
1 0.384413 0.659198 0.117338 0.257075
19 0.259194 0.349057 0.077058 0.070755
8 0.240806 0.275943 0.082312 0.141509
4 0.238179 0.393868 0.129597 0.391509
13 0.598074 0.478774 0.541156 0.287736
7 0.446585 0.299528 0.339755 0.188679
14 0.447461 0.507075 0.309982 0.250000
2 0.178634 0.264151 0.070053 0.122642
11 0.129597 0.446934 0.070053 0.143868
9 0.163748 0.351415 0.117338 0.311321
5 0.228546 0.547170 0.183888 0.165094
20 0.335377 0.194575 0.327496 0.040094
10 0.565674 0.637972 0.206655 0.096698
17 0.661996 0.669811 0.476357 0.316038
19 0.585814 0.295991 0.026270 0.030660
0 0.098949 0.325472 0.047285 0.103774
2 0.145359 0.258255 0.031524 0.077830
18 0.081436 0.376179 0.019264 0.063679