19 0.157330 0.314286 0.052443 0.073016
8 0.187128 0.290476 0.019070 0.060317
8 0.244338 0.245238 0.107271 0.153968
2 0.316448 0.252381 0.115614 0.171429
15 0.467819 0.296825 0.096544 0.222222
15 0.805125 0.264286 0.103695 0.157143
12 0.666865 0.292857 0.380215 0.211111
3 0.671633 0.380952 0.415971 0.444444
18 0.624553 0.684127 0.519666 0.393651
11 0.376639 0.732540 0.162098 0.319048
1 0.178188 0.469048 0.056019 0.153968
4 0.238379 0.370635 0.143027 0.433333
0 0.370679 0.492857 0.266985 0.331746
5 0.244934 0.585714 0.122765 0.177778
14 0.166865 0.409524 0.042908 0.174603
20 0.525030 0.150794 0.363528 0.034921