7 0.562937 0.234192 0.363636 0.192037
20 0.635490 0.132319 0.302448 0.053864
5 0.768357 0.549180 0.159091 0.264637
0 0.871503 0.282201 0.029720 0.128806
19 0.782343 0.274005 0.064685 0.088993
19 0.402972 0.231850 0.029720 0.046838
13 0.437063 0.419204 0.573427 0.295082
10 0.154720 0.484778 0.033217 0.112412
6 0.260490 0.563232 0.181818 0.147541
8 0.796329 0.213115 0.078671 0.145199
1 0.641608 0.686183 0.111888 0.309133
4 0.791958 0.370023 0.136364 0.473068
17 0.396853 0.673302 0.541958 0.386417
14 0.639860 0.471897 0.241259 0.297424
2 0.830420 0.194379 0.038462 0.103044
11 0.849650 0.413349 0.052448 0.152225
9 0.842657 0.258782 0.073427 0.250585