12 0.578947 0.192757 0.431579 0.147196
3 0.719298 0.428738 0.445614 0.371495
18 0.659649 0.640187 0.610526 0.397196
15 0.585088 0.474299 0.187719 0.149533
15 0.927193 0.411215 0.043860 0.102804
0 0.447368 0.426402 0.421053 0.357477
20 0.435965 0.102804 0.328070 0.046729
2 0.310526 0.220794 0.052632 0.095794
8 0.154386 0.167056 0.122807 0.128505
4 0.145614 0.290888 0.143860 0.385514
9 0.250000 0.321262 0.198246 0.455607
11 0.343860 0.628505 0.168421 0.303738
1 0.077193 0.378505 0.059649 0.158879
19 0.073684 0.209112 0.052632 0.049065
14 0.062281 0.282710 0.047368 0.107477
5 0.164035 0.494159 0.145614 0.170561
15 0.712281 0.488318 0.101754 0.112150
2 0.244737 0.181075 0.121053 0.151869
17 0.042105 0.329439 0.014035 0.088785