7 0.532635 0.212605 0.469212 0.253782
13 0.667488 0.457143 0.524631 0.322689
6 0.820197 0.510924 0.194581 0.151261
10 0.613916 0.604202 0.208128 0.183193
17 0.691502 0.734454 0.535714 0.423529
14 0.422414 0.527731 0.278325 0.386555
1 0.416872 0.781513 0.190887 0.346218
11 0.119458 0.479832 0.083744 0.169748
8 0.231527 0.191597 0.096059 0.208403
8 0.324507 0.259664 0.102217 0.284034
2 0.147783 0.179832 0.073892 0.184874
4 0.228448 0.370588 0.144089 0.603361
19 0.246305 0.288235 0.073892 0.092437
9 0.140394 0.298319 0.113300 0.458824
0 0.086823 0.329412 0.030788 0.194958
5 0.208128 0.597479 0.179803 0.213445
20 0.406404 0.083193 0.349754 0.052101
2 0.110837 0.177311 0.046798 0.129412