11 0.495603 0.776382 0.212312 0.370184
5 0.753141 0.612228 0.260050 0.226131
18 0.246231 0.649916 0.462312 0.495812
15 0.313442 0.417085 0.300251 0.150754
3 0.254397 0.326633 0.430905 0.505863
20 0.553392 0.083752 0.257538 0.023451
14 0.914573 0.385260 0.077889 0.221106
1 0.900126 0.453936 0.089196 0.177554
19 0.884422 0.256281 0.057789 0.060302
4 0.790201 0.347571 0.216080 0.497487
9 0.623744 0.388610 0.290201 0.576214
16 0.082286 0.657454 0.081658 0.142379
0 0.487437 0.501675 0.326633 0.423786
12 0.226131 0.221943 0.359296 0.206030