18 0.308473 0.643701 0.554893 0.519685
12 0.280430 0.099409 0.410501 0.198819
2 0.619928 0.088583 0.063246 0.177165
8 0.919451 0.102362 0.134845 0.204724
19 0.991647 0.185039 0.016706 0.062992
15 0.439737 0.352362 0.175418 0.173228
3 0.270286 0.308071 0.433174 0.616142
0 0.615155 0.368110 0.316229 0.732283
15 0.056683 0.222441 0.013126 0.102362
9 0.776850 0.333661 0.238663 0.667323
4 0.921838 0.299213 0.156325 0.598425
11 0.615155 0.772638 0.201671 0.435039
1 0.984487 0.505906 0.028640 0.141732
2 0.702864 0.089567 0.071599 0.179134
2 0.787589 0.093504 0.133652 0.187008
15 0.303103 0.342520 0.136038 0.149606