18 0.724138 0.716573 0.461356 0.408663
15 0.829370 0.472693 0.120095 0.124294
15 0.695600 0.475518 0.175981 0.129944
12 0.793698 0.258004 0.279429 0.233522
11 0.458977 0.724105 0.173603 0.337100
0 0.549941 0.505650 0.436385 0.355932
5 0.237218 0.617702 0.253270 0.225989
2 0.315696 0.225989 0.134364 0.173258
8 0.198573 0.215631 0.116528 0.152542
8 0.131391 0.249529 0.024970 0.054614
19 0.095125 0.262712 0.047562 0.058380
1 0.089774 0.452919 0.074911 0.182674
9 0.306183 0.394539 0.203329 0.540490
4 0.182521 0.357815 0.174792 0.463277
14 0.082640 0.390772 0.077289 0.235405
20 0.473246 0.128060 0.523187 0.082863
2 0.509512 0.241055 0.234245 0.180791
3 0.800832 0.420904 0.326992 0.649718