6 0.769702 0.568075 0.243433 0.169014
10 0.485114 0.549296 0.262697 0.178404
11 0.045534 0.482394 0.059545 0.171362
2 0.098074 0.242958 0.066550 0.110329
9 0.082312 0.361502 0.112084 0.361502
8 0.165499 0.240610 0.085814 0.105634
1 0.289842 0.703052 0.138354 0.345070
4 0.153240 0.403756 0.141856 0.450704
5 0.147986 0.605634 0.138354 0.164319
17 0.616462 0.684272 0.598949 0.514085
13 0.558669 0.403756 0.553415 0.164319
7 0.413310 0.255869 0.409807 0.159624
20 0.289842 0.178404 0.355517 0.046948
19 0.156743 0.308685 0.099825 0.053991
14 0.348511 0.490610 0.304729 0.328638
0 0.026270 0.345070 0.038529 0.136150
15 0.016637 0.316901 0.012259 0.046948