13 0.625394 0.358193 0.531546 0.228992
17 0.735016 0.567227 0.391167 0.390756
4 0.274448 0.366597 0.157729 0.451681
1 0.478707 0.617647 0.159306 0.277311
7 0.466088 0.221639 0.320189 0.153361
10 0.658517 0.498950 0.219243 0.128151
19 0.271293 0.285714 0.072555 0.054622
14 0.470820 0.476891 0.272871 0.294118
0 0.105678 0.314076 0.041009 0.153361
9 0.169558 0.314076 0.121451 0.338235
11 0.139590 0.418067 0.077287 0.147059
20 0.388013 0.135504 0.239748 0.023109
5 0.268927 0.532563 0.216088 0.157563
19 0.278391 0.284664 0.080442 0.056723
19 0.854890 0.484244 0.135647 0.157563
8 0.261041 0.210084 0.083596 0.121849
2 0.190852 0.202731 0.069401 0.107143
2 0.147476 0.213235 0.026814 0.052521