6 0.167503 0.593333 0.119197 0.113333
10 0.322459 0.594167 0.183187 0.078333
17 0.286700 0.658333 0.382685 0.253333
1 0.533877 0.680000 0.144291 0.253333
14 0.504391 0.556667 0.258469 0.276667
13 0.348181 0.482500 0.478043 0.198333
7 0.495609 0.336667 0.321205 0.156667
5 0.739021 0.598333 0.218319 0.156667
11 0.860100 0.510833 0.081556 0.155000
4 0.702635 0.441667 0.160602 0.396667
19 0.686324 0.396667 0.070263 0.076667
8 0.690088 0.332500 0.127980 0.165000
9 0.804266 0.400000 0.125471 0.320000
2 0.790464 0.303333 0.085320 0.116667
2 0.847553 0.288333 0.079046 0.086667
0 0.883312 0.424167 0.070263 0.215000
20 0.653701 0.236667 0.373902 0.046667
16 0.151192 0.679167 0.091593 0.098333