4 0.292321 0.329439 0.092496 0.369159
7 0.517452 0.242991 0.347295 0.163551
20 0.434555 0.155374 0.279232 0.053738
13 0.605585 0.406542 0.499127 0.196262
10 0.528796 0.549065 0.233857 0.200935
6 0.712914 0.551402 0.294939 0.182243
17 0.619546 0.683411 0.509599 0.278037
14 0.412740 0.450935 0.228621 0.280374
19 0.294939 0.278037 0.076789 0.051402
8 0.305410 0.216121 0.052356 0.123832
5 0.269634 0.474299 0.089005 0.154206
9 0.260908 0.279206 0.092496 0.278037
11 0.219895 0.375000 0.027923 0.151869
2 0.273124 0.197430 0.061082 0.091121
0 0.219895 0.250000 0.031414 0.098131
1 0.357766 0.595794 0.052356 0.257009
19 0.664049 0.279206 0.033159 0.030374
10 0.861257 0.501168 0.012216 0.086449