16 0.270607 0.583106 0.183515 0.217984
6 0.317263 0.392371 0.311042 0.321526
10 0.620529 0.420981 0.311042 0.258856
10 0.166407 0.230245 0.055988 0.209809
17 0.468118 0.574932 0.696734 0.626703
13 0.517107 0.211172 0.707621 0.422343
1 0.779160 0.614441 0.133748 0.460490
14 0.834370 0.276567 0.122862 0.362398
7 0.769051 0.020436 0.166407 0.024523
19 0.941680 0.043597 0.110420 0.076294
4 0.922240 0.243869 0.118196 0.362398
5 0.889580 0.376022 0.099533 0.288828
11 0.930793 0.264305 0.057543 0.179837