12 0.481675 0.216783 0.460733 0.167832
18 0.424956 0.707459 0.696335 0.463869
15 0.466841 0.491841 0.287958 0.135198
15 0.107330 0.402098 0.036649 0.100233
3 0.349040 0.462704 0.520070 0.375291
11 0.745201 0.691142 0.118674 0.324009
0 0.653578 0.460373 0.357766 0.375291
2 0.802792 0.229604 0.115183 0.170163
9 0.821117 0.371795 0.165794 0.473193
20 0.615183 0.128205 0.396161 0.041958
19 0.940663 0.268065 0.059337 0.046620
5 0.866492 0.565268 0.120419 0.207459
1 0.939791 0.444056 0.033159 0.146853
8 0.865620 0.214452 0.097731 0.149184
4 0.878709 0.320513 0.123909 0.365967
14 0.944154 0.369464 0.034904 0.165501