15 0.568301 0.402810 0.131349 0.093677
16 0.288967 0.464871 0.066550 0.072600
11 0.656743 0.668618 0.129597 0.269321
3 0.377408 0.366511 0.436077 0.428571
18 0.419440 0.610070 0.576182 0.348946
2 0.704904 0.262295 0.078809 0.131148
9 0.719790 0.389930 0.119089 0.409836
0 0.620841 0.406323 0.180385 0.236534
19 0.821366 0.311475 0.049037 0.051522
8 0.757443 0.269321 0.064799 0.126464
1 0.824869 0.484778 0.038529 0.131148
4 0.770578 0.372365 0.112084 0.360656
5 0.770578 0.560890 0.101576 0.147541
14 0.829247 0.413349 0.040280 0.147541
20 0.586690 0.161593 0.269702 0.056206
2 0.648862 0.263466 0.040280 0.114754
15 0.176007 0.360656 0.036778 0.056206
15 0.469352 0.399297 0.119089 0.081967
12 0.399299 0.261124 0.374781 0.147541