1 0.195678 0.735350 0.156062 0.226843
14 0.214286 0.633270 0.224490 0.287335
13 0.164466 0.494329 0.160864 0.122873
17 0.090036 0.657845 0.048019 0.173913
19 0.366747 0.481096 0.042017 0.051040
8 0.340936 0.445180 0.088836 0.119093
7 0.339136 0.378072 0.214886 0.151229
8 0.477191 0.408318 0.193277 0.181474
2 0.684874 0.400756 0.190876 0.166352
20 0.641657 0.310964 0.394958 0.066163
5 0.534814 0.756144 0.416567 0.041588
11 0.822929 0.746692 0.154862 0.226843
15 0.912365 0.542533 0.048019 0.071834
0 0.812125 0.602079 0.236495 0.262760
18 0.914166 0.668242 0.075630 0.137996
12 0.879352 0.404537 0.082833 0.151229
9 0.675870 0.511342 0.252101 0.444234
4 0.430372 0.518904 0.322929 0.448015