11 0.081761 0.477425 0.085535 0.168896
1 0.479245 0.742475 0.198742 0.327759
13 0.679245 0.392977 0.578616 0.317726
10 0.684906 0.517559 0.371069 0.185619
6 0.922642 0.487458 0.114465 0.125418
14 0.454088 0.539298 0.246541 0.329431
4 0.263522 0.385452 0.267925 0.563545
8 0.272327 0.239967 0.220126 0.245819
19 0.250314 0.330268 0.110692 0.095318
5 0.213208 0.579431 0.255346 0.205686
9 0.102516 0.321906 0.122013 0.433110
7 0.482390 0.198161 0.441509 0.205686
2 0.069811 0.184783 0.018868 0.065217
20 0.345283 0.091137 0.310692 0.035117
0 0.057862 0.345318 0.067925 0.269231
17 0.746541 0.655518 0.501887 0.424749
2 0.113208 0.188127 0.077987 0.138796