6 0.760946 0.517523 0.316988 0.207944
13 0.603327 0.359813 0.513135 0.163551
10 0.551664 0.521028 0.255692 0.177570
19 0.245184 0.295561 0.122592 0.100467
7 0.453590 0.223131 0.367776 0.165888
17 0.654991 0.610981 0.532399 0.455607
1 0.349387 0.619159 0.138354 0.317757
8 0.235552 0.211449 0.103327 0.133178
2 0.158494 0.200935 0.082312 0.112150
11 0.121716 0.410047 0.064799 0.161215
20 0.328371 0.134346 0.355517 0.044393
14 0.408056 0.433411 0.276708 0.296729
15 0.085814 0.260514 0.010508 0.035047
4 0.228546 0.362150 0.117338 0.453271
5 0.201401 0.521028 0.157618 0.177570
9 0.149737 0.306075 0.110333 0.341121
0 0.090193 0.327103 0.026270 0.182243