7 0.460733 0.289535 0.369983 0.197674
20 0.331588 0.189535 0.321117 0.058140
13 0.597731 0.440698 0.479930 0.258140
10 0.581152 0.595349 0.198953 0.134884
6 0.753054 0.565116 0.193717 0.162791
16 0.815009 0.653488 0.059337 0.088372
17 0.641361 0.700000 0.438045 0.306977
10 0.844677 0.504651 0.020942 0.088372
1 0.410122 0.711628 0.150087 0.255814
14 0.390925 0.512791 0.195462 0.286047
19 0.272251 0.356977 0.087260 0.086047
8 0.238220 0.275581 0.106457 0.160465
4 0.240838 0.405814 0.150087 0.434884
5 0.235602 0.570930 0.202443 0.197674
11 0.122164 0.468605 0.080279 0.155814
2 0.157941 0.259302 0.071553 0.123256
2 0.118674 0.237209 0.041885 0.065116
9 0.144852 0.347674 0.111693 0.318605
0 0.089878 0.338372 0.036649 0.174419