1 0.557252 0.790349 0.180662 0.316140
11 0.907761 0.456739 0.075064 0.161398
10 0.337150 0.579867 0.201018 0.214642
10 0.055344 0.466722 0.021628 0.114809
19 0.746183 0.275374 0.141221 0.148087
0 0.929389 0.322795 0.064885 0.282862
5 0.780534 0.594010 0.245547 0.272879
20 0.682570 0.072379 0.494911 0.071547
14 0.545802 0.504160 0.277354 0.366057
6 0.118321 0.577371 0.117048 0.183028
17 0.276081 0.715474 0.493639 0.472546
7 0.489822 0.205491 0.450382 0.274542
13 0.323155 0.442596 0.534351 0.306156
9 0.885496 0.282030 0.124682 0.440932
2 0.869593 0.158902 0.075064 0.168053
2 0.910941 0.149750 0.025445 0.106489
4 0.769084 0.363561 0.187023 0.603993
8 0.769720 0.168885 0.132316 0.188020