6 0.906151 0.679025 0.134069 0.290254
9 0.188486 0.342161 0.118297 0.341102
11 0.137224 0.425847 0.085174 0.173729
2 0.200315 0.236229 0.075710 0.103814
14 0.478707 0.528602 0.260252 0.311441
17 0.730284 0.757415 0.460568 0.281780
4 0.290221 0.412076 0.164038 0.476695
1 0.481073 0.719280 0.173502 0.319915
8 0.294953 0.277542 0.135647 0.186441
10 0.720820 0.669492 0.217666 0.084746
13 0.679811 0.475636 0.561514 0.341102
19 0.291009 0.350636 0.099369 0.074153
0 0.113565 0.329449 0.066246 0.188559
5 0.277603 0.579449 0.242902 0.243644
20 0.382492 0.177966 0.339117 0.063559
7 0.500000 0.282839 0.356467 0.188559
2 0.160883 0.222458 0.034700 0.055085
19 0.648265 0.270127 0.031546 0.031780