20 0.331279 0.057841 0.231125 0.033419
14 0.383667 0.510283 0.194145 0.465296
10 0.583975 0.569409 0.261941 0.203085
1 0.404468 0.803342 0.161787 0.377892
17 0.664869 0.731362 0.500770 0.537275
6 0.802003 0.705656 0.183359 0.347044
13 0.632512 0.404884 0.491525 0.367609
7 0.469954 0.192802 0.449923 0.303342
19 0.248074 0.331620 0.157165 0.128535
5 0.194915 0.631105 0.251156 0.280206
4 0.211094 0.381748 0.184900 0.681234
8 0.219569 0.194087 0.149461 0.264781
2 0.106317 0.149100 0.086287 0.195373
9 0.098613 0.304627 0.126348 0.526992
15 0.025424 0.164524 0.029276 0.133676
0 0.048536 0.343188 0.075501 0.331620
16 0.819723 0.712082 0.120185 0.179949
11 0.066256 0.479434 0.086287 0.218509