11 0.122310 0.472875 0.090600 0.200723
2 0.182333 0.184448 0.097395 0.166365
9 0.171008 0.321881 0.144960 0.459313
4 0.301246 0.388788 0.201586 0.589512
8 0.304077 0.208861 0.148358 0.211573
19 0.367497 0.337251 0.148358 0.121157
1 0.522084 0.759494 0.169875 0.354430
14 0.530578 0.521700 0.279728 0.381555
0 0.102492 0.328210 0.080408 0.327306
5 0.287089 0.617541 0.300113 0.251356
20 0.400906 0.091320 0.292186 0.048825
2 0.125708 0.170886 0.063420 0.121157
7 0.534541 0.234177 0.389581 0.258590
13 0.717441 0.427667 0.456399 0.320072
10 0.727067 0.577758 0.240091 0.157324
6 0.902039 0.546112 0.107588 0.169982
16 0.922990 0.674503 0.063420 0.141049
17 0.765006 0.692586 0.402039 0.430380