7 0.437814 0.249167 0.360553 0.161667
8 0.197864 0.241667 0.104271 0.130000
4 0.199749 0.404167 0.173367 0.435000
1 0.422111 0.687500 0.150754 0.308333
17 0.697236 0.687500 0.517588 0.388333
10 0.620603 0.533333 0.208543 0.186667
13 0.623116 0.439167 0.597990 0.308333
16 0.884422 0.690000 0.105528 0.126667
20 0.364322 0.156667 0.306533 0.033333
5 0.231156 0.603333 0.203518 0.193333
0 0.087940 0.360833 0.113065 0.321667
2 0.134422 0.223333 0.027638 0.066667
19 0.211055 0.288333 0.090452 0.066667
6 0.833543 0.722500 0.244975 0.241667
10 0.896985 0.449167 0.067839 0.095000
14 0.421482 0.500833 0.290201 0.331667
15 0.063442 0.256667 0.028894 0.056667
11 0.073492 0.433333 0.069095 0.200000
3 0.120603 0.198333 0.087940 0.070000
19 0.600503 0.243333 0.025126 0.033333