9 0.122378 0.295508 0.076923 0.326241
11 0.119755 0.430260 0.057692 0.141844
2 0.125874 0.206856 0.055944 0.115839
14 0.287587 0.450355 0.180070 0.304965
17 0.558566 0.620567 0.529720 0.413712
4 0.170455 0.348700 0.103147 0.432624
1 0.268357 0.624113 0.082168 0.264775
8 0.170455 0.218676 0.050699 0.139480
6 0.671329 0.503546 0.195804 0.174941
10 0.789336 0.412530 0.036713 0.106383
10 0.431818 0.518913 0.220280 0.106383
13 0.505245 0.374704 0.562937 0.234043
19 0.157343 0.291962 0.090909 0.063830
19 0.559441 0.228132 0.034965 0.040189
0 0.092657 0.320331 0.034965 0.172577
5 0.171329 0.500000 0.104895 0.144208
20 0.313811 0.132388 0.274476 0.037825
7 0.386364 0.226950 0.377622 0.184397