20 0.507067 0.103839 0.514723 0.089005
18 0.244405 0.652705 0.335689 0.415358
9 0.647232 0.399651 0.239105 0.617801
11 0.481743 0.755672 0.207303 0.314136
12 0.215548 0.259162 0.237927 0.204188
4 0.819788 0.365620 0.221437 0.542757
1 0.958186 0.490401 0.078916 0.195462
19 0.915783 0.264398 0.034158 0.054101
0 0.416372 0.499127 0.380448 0.401396
14 0.957597 0.417103 0.084806 0.251309
5 0.757951 0.648342 0.316843 0.200698
15 0.256184 0.449389 0.248528 0.134380
3 0.160188 0.500000 0.179034 0.368237
3 0.262662 0.146597 0.179034 0.080279
2 0.452297 0.216405 0.136631 0.171030
2 0.636042 0.198953 0.174323 0.195462
8 0.811543 0.202443 0.167256 0.181501
13 0.967020 0.272251 0.044759 0.038394