8 0.186717 0.358932 0.035088 0.083472
8 0.253759 0.331386 0.131579 0.151920
10 0.100251 0.411519 0.025063 0.041736
20 0.515664 0.228715 0.377193 0.033389
5 0.266291 0.662771 0.224311 0.153589
12 0.679825 0.352254 0.344612 0.193656
2 0.381579 0.333055 0.161654 0.158598
9 0.370301 0.469115 0.224311 0.467446
4 0.237469 0.444073 0.204261 0.414023
1 0.129699 0.555092 0.081454 0.171953
16 0.807644 0.550083 0.114035 0.098497
14 0.120301 0.475793 0.080201 0.227045
11 0.497494 0.775459 0.170426 0.302170
18 0.710526 0.686144 0.421053 0.340568
15 0.598371 0.539232 0.189223 0.150250
15 0.892857 0.484140 0.011278 0.096828
19 0.159774 0.388147 0.046366 0.051753
0 0.479323 0.592654 0.204261 0.327212
3 0.698622 0.431553 0.384712 0.392321