15 0.356226 0.426874 0.281130 0.144424
15 0.050706 0.294333 0.016688 0.080439
11 0.541078 0.785192 0.206675 0.385740
1 0.923620 0.447898 0.086008 0.201097
19 0.921694 0.216636 0.082157 0.078611
3 0.258665 0.336380 0.468549 0.555759
12 0.265725 0.205667 0.356868 0.206581
18 0.271502 0.691956 0.512195 0.444241
0 0.523107 0.489031 0.342747 0.418647
5 0.779846 0.617916 0.263158 0.259598
20 0.535302 0.085009 0.544288 0.129799
2 0.688703 0.187386 0.155327 0.213894
9 0.698331 0.367459 0.233633 0.603291
8 0.817073 0.171846 0.129653 0.182815
4 0.833119 0.329068 0.200257 0.526508
14 0.946727 0.363803 0.075738 0.248629
2 0.621951 0.223949 0.044929 0.140768