6 0.810315 0.651408 0.232517 0.453052
17 0.613636 0.710094 0.360140 0.340376
7 0.474650 0.251174 0.386364 0.206573
20 0.359266 0.154930 0.288462 0.046948
5 0.254371 0.616197 0.134615 0.147887
0 0.083042 0.312207 0.047203 0.154930
19 0.234266 0.336854 0.104895 0.086854
13 0.629371 0.410798 0.524476 0.281690
10 0.589161 0.552817 0.283217 0.133803
8 0.255245 0.264085 0.132867 0.185446
1 0.406469 0.713615 0.169580 0.314554
4 0.244755 0.407277 0.164336 0.495305
14 0.396853 0.498826 0.213287 0.349765
2 0.158217 0.227700 0.089161 0.131455
9 0.143357 0.353286 0.118881 0.387324
11 0.146853 0.485915 0.094406 0.164319