19 0.543504 0.329681 0.207390 0.149402
7 0.414184 0.197211 0.380215 0.282869
8 0.595352 0.245020 0.306317 0.322709
2 0.824791 0.182271 0.107271 0.193227
1 0.386770 0.769920 0.196663 0.352590
11 0.887366 0.548805 0.117998 0.213147
14 0.394517 0.517928 0.266985 0.494024
10 0.215733 0.505976 0.224076 0.175299
13 0.222288 0.359562 0.356377 0.260956
20 0.662098 0.075697 0.454112 0.095618
17 0.178188 0.663347 0.315852 0.486056
6 0.073897 0.551793 0.076281 0.067729
4 0.638260 0.397410 0.270560 0.667331
9 0.834923 0.343625 0.172825 0.555777
15 0.952324 0.298805 0.016687 0.075697
0 0.902861 0.395418 0.110846 0.336653
18 0.957688 0.428287 0.025030 0.171315
5 0.695471 0.658367 0.337306 0.193227