1 0.122159 0.572034 0.099432 0.237288
11 0.521307 0.789195 0.178977 0.345339
5 0.289062 0.688559 0.276989 0.190678
19 0.189631 0.273305 0.055398 0.072034
8 0.289773 0.234110 0.147727 0.163136
2 0.423295 0.242585 0.127841 0.146186
9 0.410511 0.426907 0.201705 0.565678
4 0.265625 0.402542 0.230114 0.538136
0 0.544034 0.438559 0.159091 0.283898
20 0.492188 0.143008 0.407670 0.082627
3 0.783381 0.465042 0.251420 0.269068
3 0.676847 0.193856 0.225852 0.099576
12 0.712358 0.268008 0.299716 0.184322
14 0.122159 0.442797 0.116477 0.296610
10 0.114347 0.298729 0.035511 0.029661
13 0.144886 0.295551 0.036932 0.031780
18 0.664773 0.632415 0.542614 0.408898
15 0.633523 0.387712 0.142045 0.190678
15 0.882102 0.371822 0.045455 0.099576