1 0.522835 0.758910 0.195276 0.293501
10 0.759055 0.582809 0.226772 0.075472
6 0.903150 0.669811 0.064567 0.291405
14 0.545669 0.551363 0.310236 0.285115
17 0.763780 0.701258 0.346457 0.387841
13 0.688189 0.436059 0.497638 0.146751
19 0.326772 0.380503 0.086614 0.077568
4 0.318898 0.457023 0.184252 0.448637
8 0.313386 0.303983 0.113386 0.142558
9 0.185039 0.410901 0.152756 0.356394
0 0.103150 0.429769 0.083465 0.201258
5 0.276378 0.632075 0.275591 0.199161
2 0.137795 0.294549 0.067717 0.090147
7 0.503937 0.314465 0.296063 0.138365
20 0.337795 0.232704 0.379528 0.041929
9 0.207087 0.243187 0.114961 0.025157
11 0.116535 0.557652 0.072441 0.163522
8 0.388976 0.366876 0.028346 0.071279
2 0.206299 0.301887 0.097638 0.121593