13 0.621930 0.419204 0.626316 0.384075
5 0.193860 0.515222 0.229825 0.252927
11 0.052632 0.317330 0.049123 0.185012
1 0.411404 0.665105 0.205263 0.370023
14 0.510526 0.481265 0.526316 0.461358
4 0.181579 0.314988 0.170175 0.484778
0 0.059649 0.265808 0.087719 0.278689
18 0.022807 0.274005 0.017544 0.140515
19 0.192982 0.203747 0.101754 0.093677
20 0.335965 0.067916 0.349123 0.037471
7 0.420175 0.173302 0.391228 0.192037
10 0.648246 0.519906 0.236842 0.248244
6 0.843860 0.738876 0.140351 0.152225
17 0.727193 0.713115 0.457895 0.456674
8 0.178070 0.161593 0.121053 0.163934
2 0.114035 0.121780 0.024561 0.060890