6 0.763780 0.670190 0.201575 0.270613
10 0.540945 0.610994 0.225197 0.101480
13 0.567717 0.475687 0.533858 0.266385
17 0.611811 0.725159 0.502362 0.321353
14 0.474016 0.552854 0.422047 0.319239
7 0.432283 0.306554 0.344882 0.173362
19 0.214961 0.372093 0.074016 0.071882
1 0.363780 0.704017 0.129134 0.295983
8 0.230709 0.311839 0.089764 0.145877
2 0.166142 0.287526 0.074016 0.093023
11 0.120472 0.464059 0.064567 0.154334
4 0.222835 0.443975 0.127559 0.422833
9 0.140945 0.415433 0.077165 0.238901
20 0.310236 0.231501 0.343307 0.061311
5 0.211811 0.588795 0.152756 0.196617
0 0.108661 0.395349 0.053543 0.219873