1 0.348031 0.649474 0.166929 0.364211
11 0.114173 0.457895 0.061417 0.170526
10 0.555906 0.537895 0.185827 0.090526
19 0.179528 0.284211 0.088189 0.046316
0 0.100787 0.373684 0.050394 0.204211
5 0.194488 0.558947 0.143307 0.170526
20 0.322047 0.192632 0.351181 0.052632
14 0.378740 0.462105 0.335433 0.292632
17 0.640157 0.664211 0.600000 0.351579
6 0.775591 0.517895 0.272441 0.147368
7 0.412598 0.248421 0.359055 0.134737
13 0.593701 0.390526 0.642520 0.204211
2 0.131496 0.246316 0.033071 0.054737
4 0.170079 0.371579 0.132283 0.376842
8 0.185827 0.238947 0.072441 0.086316