15 0.268827 0.286713 0.194396 0.102564
19 0.904553 0.285548 0.040280 0.039627
18 0.297723 0.445221 0.434326 0.340326
11 0.521891 0.557110 0.178634 0.261072
3 0.249562 0.273893 0.278459 0.193473
15 0.115587 0.244755 0.010508 0.060606
12 0.401926 0.158508 0.299475 0.083916
8 0.809107 0.224942 0.161121 0.151515
2 0.659370 0.208625 0.169877 0.128205
9 0.668126 0.334499 0.229422 0.398601
4 0.822242 0.331002 0.194396 0.382284
5 0.756567 0.539627 0.287215 0.081585
20 0.612084 0.131702 0.369527 0.048951
0 0.486865 0.368298 0.343257 0.335664
1 0.923818 0.475524 0.103327 0.149184
14 0.939580 0.399767 0.106830 0.198135