20 0.332201 0.179329 0.387228 0.051237
5 0.239810 0.564488 0.161685 0.143110
8 0.258152 0.250883 0.092391 0.130742
1 0.401495 0.665194 0.164402 0.305654
4 0.251359 0.393110 0.130435 0.404594
10 0.546875 0.500883 0.167120 0.118375
17 0.644701 0.604240 0.457880 0.296820
6 0.758152 0.495583 0.195652 0.136042
13 0.601223 0.401060 0.493207 0.151943
7 0.471467 0.263251 0.350543 0.169611
0 0.133832 0.393110 0.050272 0.181979
14 0.398777 0.475265 0.202446 0.254417
19 0.264266 0.304770 0.091033 0.065371
9 0.176630 0.358657 0.073370 0.332155
2 0.141304 0.254417 0.046196 0.106007
2 0.177989 0.251767 0.059783 0.111307
11 0.152174 0.497350 0.076087 0.153710