20 0.500000 0.178631 0.370138 0.063439
2 0.616688 0.300501 0.184442 0.190317
8 0.771016 0.277963 0.139272 0.168614
12 0.280427 0.332220 0.279799 0.220367
15 0.378294 0.560935 0.189460 0.146912
15 0.107905 0.449082 0.012547 0.103506
11 0.510665 0.829716 0.170640 0.287145
1 0.872020 0.505843 0.072773 0.156928
18 0.281681 0.697830 0.405270 0.444073
3 0.254705 0.511686 0.283563 0.292154
0 0.500000 0.579299 0.254705 0.337229
4 0.777290 0.409015 0.184442 0.457429
9 0.627980 0.452421 0.239649 0.540902
14 0.883940 0.429883 0.066499 0.195326
16 0.164366 0.715359 0.095358 0.125209
19 0.877039 0.308013 0.047679 0.055092
3 0.328733 0.215359 0.235885 0.080134
5 0.728356 0.661937 0.239649 0.228715