7 0.495803 0.209302 0.317746 0.294574
13 0.711631 0.312016 0.471223 0.294574
10 0.820144 0.490310 0.163070 0.112403
6 0.947842 0.427326 0.051559 0.273256
19 0.365108 0.376938 0.080336 0.079457
1 0.628297 0.683140 0.194245 0.288760
14 0.619305 0.522287 0.336930 0.300388
5 0.347722 0.648256 0.350120 0.110465
4 0.351319 0.428295 0.280576 0.476744
8 0.323741 0.287791 0.189448 0.164729
20 0.285971 0.146318 0.420863 0.180233
9 0.181655 0.404070 0.173861 0.408915
2 0.164269 0.272287 0.091127 0.137597
2 0.095324 0.283915 0.046763 0.106589
11 0.139089 0.582364 0.110312 0.176357
15 0.041367 0.393411 0.010791 0.042636
0 0.112710 0.465116 0.151079 0.251938
17 0.842926 0.596899 0.270983 0.356589