11 0.751748 0.543561 0.135664 0.174242
2 0.614685 0.289773 0.130070 0.117424
2 0.706294 0.285038 0.047552 0.104167
2 0.800000 0.282197 0.145455 0.094697
9 0.632168 0.389205 0.240559 0.327652
18 0.880420 0.475379 0.113287 0.151515
15 0.912587 0.376894 0.037762 0.079545
0 0.809091 0.388258 0.236364 0.185606
19 0.319580 0.350379 0.060140 0.049242
8 0.431469 0.304924 0.183217 0.113636
4 0.404895 0.396780 0.269930 0.342803
5 0.483217 0.531250 0.440559 0.115530
14 0.179720 0.458333 0.222378 0.219697
10 0.063636 0.447917 0.040559 0.043561
13 0.166434 0.366477 0.234965 0.096591
6 0.049650 0.440341 0.020979 0.035985
1 0.183217 0.553977 0.153846 0.187500
17 0.074126 0.528409 0.083916 0.147727
20 0.631469 0.217803 0.406993 0.049242
7 0.343357 0.290720 0.183217 0.134470