16 0.917361 0.676389 0.104167 0.175000
10 0.689583 0.351389 0.295833 0.252778
10 0.918056 0.211111 0.102778 0.238889
6 0.872917 0.501389 0.254167 0.436111
17 0.780556 0.526389 0.436111 0.652778
13 0.704861 0.170833 0.448611 0.308333
7 0.611111 0.056944 0.355556 0.113889
14 0.512500 0.316667 0.227778 0.494444
1 0.513889 0.618056 0.161111 0.430556
19 0.327083 0.112500 0.098611 0.186111
8 0.388889 0.076389 0.052778 0.152778
8 0.292361 0.033333 0.129167 0.066667
9 0.172222 0.179167 0.125000 0.358333
4 0.324306 0.270833 0.212500 0.541667
0 0.111111 0.138889 0.086111 0.277778
11 0.131250 0.245833 0.093056 0.263889
5 0.281944 0.437500 0.272222 0.325000