10 0.676996 0.524390 0.193087 0.140713
10 0.824791 0.392120 0.073897 0.146341
15 0.138856 0.276735 0.020262 0.114447
11 0.184744 0.477486 0.078665 0.166979
1 0.530989 0.699812 0.160906 0.285178
17 0.722884 0.616323 0.299166 0.380863
13 0.649583 0.380863 0.379023 0.240150
19 0.361740 0.343340 0.079857 0.071295
9 0.218713 0.328330 0.108462 0.420263
4 0.335518 0.378049 0.170441 0.519700
6 0.800954 0.489681 0.128725 0.195122
20 0.402861 0.135084 0.259833 0.060038
14 0.523242 0.486867 0.226460 0.332083
7 0.509535 0.242964 0.327771 0.227017
2 0.185936 0.219512 0.016687 0.105066
2 0.224076 0.228893 0.061979 0.142589
8 0.323600 0.247655 0.106079 0.183865
0 0.178188 0.363039 0.091776 0.302064
5 0.334327 0.588180 0.222884 0.170732