15 0.626970 0.458042 0.259194 0.146853
15 0.941331 0.334499 0.036778 0.095571
11 0.351138 0.657343 0.141856 0.317016
1 0.091068 0.414918 0.080560 0.158508
12 0.589317 0.181818 0.443082 0.177156
3 0.738179 0.391608 0.450088 0.377622
18 0.661996 0.583916 0.637478 0.468531
20 0.411559 0.095571 0.423818 0.055944
19 0.098074 0.251748 0.073555 0.051282
8 0.177758 0.203963 0.103327 0.151515
2 0.254816 0.210956 0.110333 0.170163
2 0.320490 0.228438 0.077058 0.153846
0 0.453590 0.418415 0.388792 0.337995
9 0.267951 0.341492 0.206655 0.468531
5 0.195271 0.546620 0.180385 0.193473
4 0.166375 0.314685 0.147110 0.405594
14 0.083187 0.353147 0.064799 0.156177