14 0.922013 0.484975 0.080503 0.215359
19 0.891195 0.355593 0.061635 0.060100
5 0.762893 0.683639 0.265409 0.188648
1 0.911950 0.568447 0.085535 0.171953
4 0.820755 0.424875 0.174843 0.449082
9 0.684906 0.454925 0.220126 0.529215
20 0.592453 0.181970 0.394969 0.060100
2 0.515723 0.313022 0.161006 0.202003
0 0.504403 0.564274 0.284277 0.323873
11 0.535220 0.795492 0.182390 0.305509
18 0.266667 0.711185 0.465409 0.370618
3 0.225157 0.388147 0.357233 0.472454
15 0.045912 0.453255 0.008805 0.095159
15 0.352830 0.515860 0.157233 0.176962
12 0.230189 0.309683 0.339623 0.232053
16 0.144025 0.618531 0.106918 0.111853
8 0.806289 0.301336 0.118239 0.161937
2 0.618239 0.302170 0.054088 0.180301
2 0.684277 0.297997 0.143396 0.175292