17 0.285839 0.559719 0.456294 0.412178
10 0.355769 0.537471 0.194056 0.128806
14 0.472028 0.428571 0.363636 0.285714
1 0.553322 0.612412 0.141608 0.264637
5 0.741259 0.487119 0.230769 0.220141
4 0.728147 0.320843 0.162587 0.468384
9 0.838287 0.259953 0.131119 0.351288
18 0.921329 0.271663 0.027972 0.103044
0 0.906469 0.209602 0.054196 0.114754
3 0.913462 0.147541 0.026224 0.018735
11 0.882867 0.348946 0.052448 0.135831
2 0.860140 0.138173 0.027972 0.070258
2 0.817308 0.151054 0.075175 0.119438
8 0.732517 0.173302 0.108392 0.149883
19 0.711538 0.264637 0.111888 0.084309
7 0.500874 0.200234 0.386364 0.222482
13 0.344406 0.344262 0.493007 0.248244
14 0.162587 0.311475 0.136364 0.093677
20 0.631119 0.077283 0.332168 0.060890