19 0.233852 0.315436 0.094498 0.117450
7 0.491627 0.198826 0.428230 0.233221
10 0.633971 0.538591 0.320574 0.201342
1 0.432416 0.743289 0.178230 0.312081
11 0.083732 0.441275 0.086124 0.181208
8 0.242823 0.211409 0.141148 0.221477
2 0.129785 0.161913 0.065789 0.129195
4 0.230861 0.359899 0.188995 0.562081
9 0.114234 0.296980 0.120813 0.426174
14 0.421053 0.477349 0.241627 0.417785
5 0.219498 0.581376 0.247608 0.266779
13 0.672847 0.373322 0.472488 0.280201
0 0.052033 0.250000 0.049043 0.218121
17 0.714713 0.658557 0.510766 0.505034
20 0.304426 0.074664 0.422249 0.052013
16 0.898325 0.714765 0.100478 0.140940
6 0.880981 0.687919 0.159091 0.275168