14 0.074783 0.384075 0.073043 0.187354
17 0.046957 0.388759 0.017391 0.098361
0 0.479130 0.515222 0.342609 0.304450
1 0.089565 0.430913 0.071304 0.154567
11 0.436522 0.696721 0.149565 0.269321
20 0.416522 0.201405 0.415652 0.074941
9 0.318261 0.409836 0.222609 0.421546
19 0.104348 0.291569 0.045217 0.049180
4 0.181739 0.381733 0.179130 0.370023
2 0.327826 0.296253 0.172174 0.161593
8 0.187826 0.264637 0.139130 0.121780
15 0.836522 0.474239 0.027826 0.067916
15 0.704348 0.553864 0.066087 0.072600
3 0.640000 0.421546 0.424348 0.407494
15 0.607826 0.538642 0.165217 0.121780
18 0.659130 0.642857 0.410435 0.358314
12 0.593043 0.305621 0.330435 0.175644
5 0.226957 0.571429 0.227826 0.187354