19 0.859353 0.329832 0.039381 0.054622
8 0.755977 0.280462 0.147679 0.144958
4 0.767229 0.420168 0.206751 0.453782
14 0.895218 0.455882 0.085795 0.210084
1 0.895921 0.518908 0.061885 0.176471
5 0.718003 0.657563 0.285513 0.205882
2 0.618143 0.290966 0.150492 0.170168
2 0.476793 0.314076 0.064698 0.090336
9 0.630098 0.460084 0.227848 0.533613
16 0.049226 0.573529 0.039381 0.088235
3 0.241913 0.442227 0.466948 0.493697
15 0.094233 0.524160 0.064698 0.115546
15 0.189170 0.531513 0.156118 0.134454
18 0.220816 0.738445 0.416315 0.376050
0 0.361463 0.555672 0.469761 0.409664
20 0.552743 0.193277 0.413502 0.063025
10 0.924754 0.379202 0.018284 0.039916
11 0.469058 0.794118 0.187060 0.319328
12 0.269339 0.309874 0.322082 0.174370
13 0.892405 0.339286 0.035162 0.027311