0 0.661742 0.357143 0.405910 0.439153
5 0.917574 0.522487 0.143079 0.193122
19 0.982893 0.156085 0.018663 0.052910
16 0.268274 0.361111 0.113530 0.108466
15 0.522551 0.322751 0.161742 0.296296
18 0.477449 0.593915 0.625194 0.383598
9 0.852255 0.294974 0.174184 0.542328
11 0.772162 0.658730 0.132193 0.402116
2 0.838258 0.100529 0.127527 0.153439
2 0.671851 0.095238 0.202177 0.142857
12 0.351477 0.105820 0.326594 0.164021
4 0.928460 0.257937 0.124417 0.468254
8 0.924572 0.105820 0.097978 0.164021
3 0.316485 0.376984 0.278383 0.399471