0 0.093060 0.364780 0.056782 0.218029
2 0.114353 0.235849 0.033123 0.073375
11 0.108833 0.440252 0.069401 0.163522
5 0.190852 0.558700 0.157729 0.194969
4 0.167192 0.375262 0.138801 0.419287
8 0.173502 0.255765 0.097792 0.155136
20 0.341483 0.164570 0.294953 0.031447
1 0.358833 0.689727 0.165615 0.339623
6 0.781546 0.547170 0.263407 0.197065
17 0.660883 0.674004 0.561514 0.337526
14 0.373817 0.497904 0.334385 0.329140
13 0.587539 0.415094 0.664038 0.255765
10 0.542587 0.601677 0.173502 0.121593
7 0.406940 0.252621 0.375394 0.161426