10 0.432416 0.473818 0.229036 0.163851
10 0.085106 0.418074 0.057572 0.126689
16 0.152691 0.640203 0.155194 0.114865
6 0.177096 0.652027 0.286608 0.243243
1 0.598874 0.695946 0.128911 0.283784
14 0.589487 0.507601 0.187735 0.336149
7 0.454318 0.208615 0.468085 0.221284
20 0.560075 0.091216 0.326658 0.037162
19 0.734043 0.298986 0.098874 0.074324
4 0.740926 0.373311 0.175219 0.557432
9 0.849812 0.324324 0.135169 0.459459
2 0.830413 0.182432 0.076345 0.155405
5 0.784731 0.591216 0.205257 0.172297
11 0.901126 0.505068 0.077597 0.185811
8 0.737171 0.201014 0.125156 0.189189
0 0.931790 0.358953 0.036295 0.234797
15 0.926783 0.271959 0.018773 0.057432
13 0.341677 0.371622 0.510638 0.192568
17 0.297247 0.631757 0.541927 0.429054
2 0.866708 0.165541 0.018773 0.084459
2 0.872966 0.141892 0.013767 0.037162