16 0.830189 0.631579 0.088050 0.147368
6 0.804245 0.591579 0.183962 0.298947
7 0.411164 0.251579 0.375786 0.178947
8 0.187893 0.247368 0.080189 0.132632
4 0.194969 0.413684 0.141509 0.477895
1 0.350629 0.690526 0.144654 0.311579
13 0.574686 0.409474 0.617925 0.284211
10 0.577044 0.585263 0.245283 0.109474
17 0.667453 0.623158 0.488994 0.425263
5 0.196541 0.588421 0.163522 0.178947
14 0.342767 0.520000 0.232704 0.353684
20 0.294811 0.177895 0.350629 0.061053
2 0.131289 0.245263 0.051887 0.115789
9 0.117925 0.347368 0.078616 0.332632
0 0.077830 0.335789 0.020440 0.107368
11 0.097484 0.475789 0.037736 0.143158
19 0.180818 0.316842 0.110063 0.061053
19 0.576258 0.240000 0.033019 0.037895
2 0.101415 0.264211 0.017296 0.056842