7 0.536921 0.206897 0.468085 0.228675
20 0.644556 0.090744 0.307885 0.029038
13 0.395494 0.397459 0.548185 0.279492
10 0.442428 0.533575 0.301627 0.210526
14 0.637672 0.497278 0.216521 0.410163
16 0.140801 0.767695 0.108886 0.141561
6 0.174593 0.650635 0.229036 0.277677
17 0.346058 0.685118 0.574468 0.553539
10 0.122028 0.411978 0.058824 0.112523
1 0.628285 0.778584 0.142678 0.333938
19 0.811640 0.313975 0.093867 0.076225
8 0.812891 0.236842 0.113892 0.230490
4 0.809136 0.398367 0.178974 0.582577
0 0.910513 0.372051 0.063830 0.261343
2 0.895494 0.202359 0.041302 0.121597
11 0.903630 0.483666 0.057572 0.176044
8 0.729036 0.320327 0.038798 0.114338