20 0.365169 0.122966 0.410737 0.043400
7 0.548689 0.243219 0.313358 0.222423
13 0.717228 0.425859 0.443196 0.276673
6 0.904494 0.549729 0.086142 0.130199
10 0.756554 0.564195 0.207241 0.130199
14 0.558677 0.514467 0.260924 0.316456
8 0.333958 0.234177 0.161049 0.197107
2 0.214107 0.209765 0.111111 0.151899
0 0.136080 0.326401 0.052434 0.179024
11 0.161049 0.473779 0.077403 0.159132
1 0.546816 0.695298 0.164794 0.276673
15 0.112360 0.281193 0.014981 0.081374
9 0.205993 0.341772 0.127341 0.412297
4 0.347690 0.391501 0.200999 0.511754
17 0.774032 0.685353 0.347066 0.264014
16 0.921973 0.650090 0.051186 0.117541
19 0.418851 0.308318 0.046192 0.070524