7 0.497475 0.238983 0.436869 0.281356
20 0.343434 0.093220 0.386364 0.067797
14 0.456439 0.504237 0.258838 0.388136
13 0.659722 0.423729 0.488636 0.325424
10 0.635732 0.565254 0.284091 0.225424
10 0.868687 0.407627 0.106061 0.194915
17 0.722854 0.711864 0.478535 0.477966
16 0.916667 0.713559 0.088384 0.179661
1 0.449495 0.783898 0.191919 0.316949
11 0.068813 0.463559 0.061869 0.167797
8 0.238005 0.238983 0.160354 0.264407
2 0.091540 0.192373 0.112374 0.191525
9 0.097222 0.306780 0.116162 0.430508
4 0.239899 0.388136 0.191919 0.586441
5 0.224747 0.600000 0.260101 0.247458
6 0.830177 0.553390 0.178030 0.194915
0 0.041035 0.294915 0.039141 0.138983