19 0.384876 0.340909 0.074492 0.096838
3 0.251129 0.156126 0.046275 0.035573
5 0.340858 0.598814 0.216704 0.213439
18 0.167607 0.401186 0.007901 0.090909
0 0.200339 0.359684 0.073363 0.268775
9 0.259029 0.347826 0.125282 0.391304
11 0.216140 0.480237 0.089165 0.201581
4 0.372460 0.401186 0.148984 0.501976
1 0.534989 0.745059 0.151242 0.320158
14 0.538939 0.514822 0.217833 0.302372
10 0.697517 0.542490 0.164786 0.132411
17 0.739842 0.699605 0.357788 0.391304
16 0.873025 0.743083 0.055305 0.110672
6 0.866817 0.655138 0.103837 0.183794
13 0.694695 0.431818 0.416479 0.254941
20 0.413657 0.152174 0.317156 0.047431
7 0.533860 0.266798 0.264108 0.189723
2 0.233634 0.216403 0.029345 0.065217
2 0.278781 0.221344 0.072235 0.122530
8 0.365688 0.241107 0.090293 0.150198
8 0.428330 0.319170 0.028217 0.088933