18 0.762539 0.505669 0.017241 0.077098
9 0.687304 0.467120 0.105016 0.285714
11 0.725705 0.565760 0.053292 0.120181
2 0.683386 0.380952 0.087774 0.104308
2 0.728056 0.367347 0.051724 0.077098
14 0.454545 0.573696 0.188088 0.235828
17 0.297806 0.704082 0.278997 0.201814
1 0.470219 0.731293 0.112853 0.197279
19 0.582288 0.459184 0.067398 0.065760
4 0.605016 0.504535 0.125392 0.360544
6 0.227273 0.598639 0.109718 0.113379
10 0.178683 0.573696 0.028213 0.072562
10 0.318966 0.625850 0.108150 0.063492
13 0.350313 0.522676 0.327586 0.165533
16 0.195925 0.691610 0.062696 0.090703
0 0.734326 0.487528 0.070533 0.190476
5 0.624608 0.641723 0.177116 0.131519
20 0.557994 0.320862 0.216301 0.015873
8 0.604232 0.394558 0.086207 0.126984
7 0.452194 0.399093 0.242947 0.145125