17 0.666404 0.722458 0.547319 0.377119
6 0.816246 0.581568 0.130915 0.099576
10 0.902997 0.546610 0.020505 0.072034
10 0.606467 0.610169 0.285489 0.105932
14 0.417981 0.544492 0.365931 0.313559
13 0.615142 0.468220 0.561514 0.207627
7 0.406940 0.315678 0.347003 0.152542
20 0.335962 0.234110 0.261830 0.036017
4 0.164038 0.426907 0.154574 0.370763
8 0.178233 0.298729 0.085174 0.101695
2 0.131703 0.300847 0.036278 0.067797
5 0.174290 0.591102 0.149842 0.173729
0 0.084385 0.412076 0.055205 0.184322
11 0.091483 0.502119 0.050473 0.152542
1 0.347792 0.710805 0.143533 0.319915
19 0.189274 0.379237 0.085174 0.080508