11 0.556918 0.680328 0.136602 0.250585
2 0.584939 0.334895 0.035026 0.056206
2 0.630473 0.303279 0.066550 0.124122
2 0.699650 0.285714 0.110333 0.149883
9 0.688266 0.421546 0.196147 0.435597
12 0.385289 0.266979 0.353765 0.182670
3 0.260070 0.441452 0.352014 0.330211
15 0.330998 0.484778 0.255692 0.093677
18 0.302977 0.647541 0.469352 0.362998
0 0.489492 0.521077 0.362522 0.334895
19 0.871278 0.322014 0.036778 0.044496
1 0.885289 0.471897 0.061296 0.147541
8 0.797723 0.279859 0.106830 0.138173
4 0.809982 0.393443 0.152364 0.379391
14 0.890543 0.416862 0.071804 0.210773
5 0.760946 0.597190 0.204904 0.163934
20 0.558669 0.180328 0.381786 0.060890
15 0.088441 0.355972 0.012259 0.046838