20 0.681761 0.144407 0.445283 0.055092
13 0.344025 0.398998 0.464151 0.183639
14 0.566667 0.529215 0.197484 0.310518
16 0.116981 0.623539 0.105660 0.108514
6 0.141509 0.570952 0.167296 0.100167
6 0.132075 0.696995 0.128302 0.138564
10 0.378616 0.517529 0.261635 0.183639
10 0.116981 0.420701 0.093082 0.110184
17 0.288050 0.620200 0.490566 0.402337
7 0.493082 0.247078 0.437736 0.210351
1 0.544025 0.712020 0.162264 0.295492
8 0.676730 0.318865 0.022642 0.080134
8 0.746541 0.246244 0.114465 0.181970
19 0.725157 0.348080 0.099371 0.108514
5 0.753459 0.626878 0.241509 0.158598
0 0.907547 0.414023 0.084277 0.273790
2 0.893082 0.227045 0.040252 0.126878
2 0.845912 0.236227 0.091824 0.161937
9 0.864151 0.363940 0.138365 0.437396
11 0.896855 0.512521 0.088050 0.176962
18 0.940252 0.437396 0.028931 0.113523
4 0.742138 0.409015 0.178616 0.527546