10 0.577830 0.569767 0.202830 0.116279
6 0.802673 0.553911 0.177673 0.126850
17 0.664308 0.668076 0.517296 0.372093
10 0.898585 0.456660 0.017296 0.050740
13 0.606918 0.412262 0.569182 0.219873
14 0.399371 0.477801 0.273585 0.350951
19 0.224057 0.294926 0.095912 0.082452
7 0.460692 0.216702 0.364780 0.179704
8 0.229560 0.214588 0.084906 0.158562
5 0.209906 0.571882 0.152516 0.192389
1 0.374214 0.725159 0.172956 0.376321
11 0.135220 0.473573 0.075472 0.181818
2 0.165094 0.209302 0.066038 0.147992
4 0.224057 0.350951 0.117925 0.465116
9 0.155660 0.306554 0.094340 0.372093
0 0.113208 0.365751 0.059748 0.224101
20 0.389937 0.128964 0.213836 0.029598
2 0.124214 0.198732 0.056604 0.118393