1 0.920028 0.543907 0.059805 0.141577
11 0.545202 0.762545 0.150209 0.245520
15 0.441586 0.498208 0.165508 0.121864
15 0.206537 0.388889 0.020862 0.096774
12 0.365786 0.316308 0.253129 0.170251
2 0.667594 0.308244 0.161335 0.139785
8 0.817107 0.309140 0.134910 0.137993
19 0.907510 0.352151 0.059805 0.066308
5 0.753129 0.655018 0.268428 0.159498
18 0.347705 0.604839 0.344924 0.392473
3 0.334492 0.406810 0.254520 0.318996
0 0.551460 0.556452 0.210014 0.327957
9 0.675939 0.463262 0.214186 0.478495
4 0.819193 0.436380 0.175243 0.421147
14 0.933936 0.451613 0.057024 0.150538
20 0.568846 0.211470 0.458971 0.071685
3 0.381085 0.243728 0.242003 0.111111