13 0.365155 0.232428 0.544153 0.317891
10 0.373508 0.402556 0.396181 0.293930
10 0.161695 0.170128 0.041766 0.046326
7 0.522673 0.076677 0.434368 0.150160
17 0.352029 0.640575 0.534606 0.610224
16 0.109189 0.546326 0.048926 0.198083
14 0.642005 0.333866 0.415274 0.651757
19 0.921241 0.099840 0.152745 0.199681
4 0.909905 0.299521 0.177804 0.599042
1 0.619332 0.720447 0.272076 0.412141
14 0.329952 0.039137 0.072792 0.078275
8 0.807876 0.078275 0.109785 0.156550
8 0.886635 0.024760 0.021480 0.049521
5 0.907518 0.551118 0.182578 0.169329