5 0.733634 0.666339 0.207675 0.194882
2 0.586343 0.259843 0.179458 0.177165
0 0.584086 0.541339 0.233634 0.401575
14 0.860045 0.457677 0.056433 0.226378
4 0.735892 0.425197 0.212190 0.511811
1 0.853837 0.546260 0.066591 0.190945
19 0.828442 0.331693 0.056433 0.061024
20 0.544018 0.201772 0.435666 0.139764
11 0.549097 0.800197 0.145598 0.328740
18 0.339165 0.673228 0.382619 0.385827
15 0.435666 0.399606 0.128668 0.244094
3 0.319977 0.395669 0.326185 0.448819
16 0.249436 0.508858 0.115124 0.096457
12 0.313205 0.307087 0.283296 0.188976
8 0.724605 0.261811 0.160271 0.161417