18 0.334847 0.700630 0.413167 0.430672
9 0.636209 0.403361 0.205448 0.680672
11 0.559591 0.819328 0.118048 0.348739
2 0.577753 0.223739 0.059024 0.191176
2 0.637911 0.196429 0.111237 0.233193
12 0.325199 0.231092 0.271283 0.247899
14 0.871169 0.418067 0.071510 0.285714
17 0.902384 0.465336 0.009081 0.107143
4 0.757662 0.355042 0.187287 0.588235
1 0.873439 0.534664 0.046538 0.212185
8 0.747446 0.188025 0.132804 0.224790
10 0.887628 0.311975 0.018161 0.056723
16 0.235528 0.699580 0.103292 0.121849
19 0.840522 0.262605 0.046538 0.071429
0 0.535755 0.522059 0.213394 0.468487
5 0.733825 0.673319 0.223610 0.237395
20 0.523269 0.065126 0.256527 0.058824
15 0.299659 0.077731 0.049943 0.016807
15 0.429625 0.493697 0.087401 0.218487
15 0.154938 0.404412 0.028377 0.170168
3 0.323496 0.341387 0.326901 0.590336