10 0.755730 0.617314 0.119421 0.166667
17 0.767189 0.705502 0.402895 0.488673
14 0.536791 0.525890 0.369119 0.401294
13 0.700241 0.417476 0.464415 0.281553
7 0.523522 0.208738 0.407720 0.288026
19 0.283474 0.310680 0.130277 0.155340
8 0.284077 0.205502 0.242461 0.265372
4 0.245476 0.364078 0.254524 0.601942
2 0.133293 0.142395 0.083233 0.155340
5 0.235826 0.577670 0.235223 0.213592
11 0.095296 0.449838 0.094089 0.177994
0 0.089867 0.336570 0.104946 0.284790
1 0.501206 0.788026 0.208685 0.330097
20 0.375151 0.053398 0.299156 0.038835
6 0.884198 0.799353 0.079614 0.148867