7 0.464713 0.186747 0.407895 0.269076
4 0.686603 0.393574 0.244019 0.666667
1 0.426435 0.782129 0.194976 0.351406
17 0.214115 0.661647 0.363636 0.451807
10 0.253589 0.523092 0.291866 0.154618
13 0.287679 0.387550 0.467703 0.329317
16 0.080742 0.649598 0.099282 0.202811
6 0.086124 0.662651 0.114833 0.269076
20 0.705144 0.058233 0.441388 0.080321
5 0.709928 0.660643 0.350478 0.224900
9 0.865431 0.327309 0.163876 0.538153
14 0.450957 0.555221 0.246411 0.347390
11 0.915670 0.529116 0.101675 0.206827
0 0.922847 0.401606 0.120813 0.305221
15 0.959330 0.201807 0.035885 0.106426
19 0.628589 0.372490 0.077751 0.102410
8 0.557416 0.319277 0.064593 0.120482
2 0.912679 0.137550 0.019139 0.062249
3 0.924043 0.114458 0.049043 0.068273