6 0.779968 0.554770 0.089905 0.332155
10 0.629338 0.477032 0.170347 0.113074
1 0.494479 0.726148 0.146688 0.385159
11 0.187697 0.482332 0.097792 0.250883
8 0.324132 0.151943 0.102524 0.190813
19 0.349369 0.234982 0.089905 0.116608
2 0.228707 0.137809 0.066246 0.169611
2 0.172713 0.134276 0.045741 0.120141
7 0.482650 0.148410 0.268139 0.212014
13 0.602524 0.344523 0.432177 0.257951
14 0.479495 0.496466 0.182965 0.300353
17 0.667192 0.651943 0.302839 0.363958
20 0.339117 0.030035 0.321767 0.060071
5 0.311514 0.586572 0.206625 0.247350
4 0.328076 0.330389 0.154574 0.583039
9 0.219243 0.275618 0.100946 0.480565
0 0.152208 0.268551 0.058360 0.176678
18 0.132492 0.385159 0.012618 0.120141