17 0.679443 0.665105 0.456446 0.412178
11 0.176829 0.464871 0.064460 0.138173
9 0.188153 0.336066 0.090592 0.377049
4 0.279617 0.401639 0.148084 0.517564
1 0.452091 0.742389 0.134146 0.266979
10 0.601045 0.559719 0.212544 0.173302
13 0.656794 0.433255 0.466899 0.281030
7 0.506098 0.248244 0.395470 0.224824
14 0.433798 0.501171 0.177700 0.355972
20 0.385889 0.133489 0.343206 0.051522
19 0.287456 0.336066 0.087108 0.077283
19 0.685540 0.248244 0.026132 0.032787
0 0.140244 0.316159 0.022648 0.140515
10 0.884146 0.449649 0.050523 0.154567
10 0.882404 0.447307 0.047038 0.145199
6 0.800523 0.703747 0.172474 0.199063
15 0.133275 0.277518 0.012195 0.025761
8 0.274390 0.238876 0.099303 0.149883
2 0.193380 0.221311 0.052265 0.119438