18 0.848776 0.389019 0.019231 0.072430
17 0.352273 0.627336 0.452797 0.259346
6 0.257867 0.523364 0.159091 0.088785
10 0.158217 0.476636 0.029720 0.088785
10 0.428322 0.518692 0.223776 0.098131
13 0.395979 0.442757 0.459790 0.217290
14 0.577797 0.466121 0.190559 0.259346
0 0.827797 0.370327 0.054196 0.184579
9 0.776224 0.342290 0.108392 0.306075
4 0.716783 0.386682 0.108392 0.390187
5 0.732517 0.539720 0.150350 0.158879
11 0.814685 0.453271 0.045455 0.135514
1 0.603147 0.627336 0.097902 0.245327
8 0.714161 0.258178 0.071678 0.114486
2 0.770979 0.254673 0.076923 0.112150
7 0.516608 0.278037 0.312937 0.144860
20 0.596154 0.199766 0.255245 0.039720
19 0.371503 0.309579 0.019231 0.025701
19 0.703671 0.328271 0.075175 0.058411