14 0.304382 0.506316 0.255086 0.498947
19 0.138498 0.245263 0.061033 0.077895
13 0.576682 0.448421 0.677621 0.488421
17 0.644757 0.765263 0.625978 0.469474
11 0.056338 0.342105 0.046948 0.149474
1 0.286385 0.748421 0.122066 0.355789
6 0.774648 0.631579 0.303599 0.261053
10 0.462441 0.653684 0.242567 0.280000
10 0.896714 0.432632 0.084507 0.183158
8 0.134585 0.147368 0.100156 0.176842
2 0.085290 0.113684 0.039124 0.101053
4 0.128326 0.308421 0.125196 0.507368
0 0.052426 0.242105 0.061033 0.256842
20 0.316901 0.044211 0.342723 0.058947
7 0.399844 0.170526 0.439750 0.223158
5 0.145540 0.517895 0.156495 0.311579