18 0.848276 0.370690 0.011034 0.081281
11 0.804138 0.451970 0.077241 0.184729
2 0.766897 0.179803 0.052414 0.098522
14 0.461379 0.470443 0.277241 0.315271
17 0.284138 0.661330 0.339310 0.317734
4 0.680000 0.359606 0.176552 0.487685
1 0.464828 0.704433 0.146207 0.305419
6 0.172414 0.518473 0.082759 0.130542
10 0.320000 0.548030 0.157241 0.100985
13 0.354483 0.395320 0.438621 0.233990
16 0.153103 0.631773 0.074483 0.125616
19 0.645517 0.268473 0.085517 0.083744
0 0.802069 0.359606 0.103448 0.256158
5 0.666897 0.576355 0.241379 0.246305
20 0.611724 0.118227 0.280000 0.059113
19 0.395172 0.217980 0.028966 0.041872
7 0.493793 0.214286 0.253793 0.177340
8 0.684828 0.200739 0.103448 0.140394