15 0.981481 0.287190 0.015432 0.053719
11 0.915895 0.501033 0.100309 0.188017
2 0.927469 0.211777 0.043210 0.101240
2 0.885031 0.232438 0.078704 0.159091
9 0.894290 0.360537 0.121914 0.431818
19 0.756944 0.333678 0.121914 0.105372
8 0.782407 0.251033 0.108025 0.196281
4 0.764660 0.422521 0.199074 0.559917
14 0.511574 0.524793 0.359568 0.376033
1 0.506944 0.790289 0.174383 0.353306
5 0.767747 0.647727 0.251543 0.208678
10 0.309414 0.642562 0.257716 0.119835
10 0.040123 0.439050 0.024691 0.055785
6 0.087963 0.591942 0.148148 0.233471
7 0.537037 0.257231 0.367284 0.216942
13 0.331790 0.439050 0.617284 0.328512
17 0.327160 0.748967 0.632716 0.390496
20 0.681327 0.140496 0.393519 0.070248
0 0.960648 0.338843 0.054012 0.235537
19 0.383488 0.242769 0.026235 0.030992
16 0.063272 0.697314 0.070988 0.126033