7 0.502503 0.260833 0.381727 0.235000
8 0.740926 0.239167 0.115144 0.168333
4 0.730914 0.405000 0.185232 0.513333
1 0.543805 0.738333 0.158949 0.303333
14 0.533166 0.528333 0.247810 0.300000
10 0.329161 0.625833 0.235294 0.118333
13 0.347309 0.452500 0.529412 0.305000
16 0.103254 0.697500 0.088861 0.138333
6 0.143304 0.595000 0.166458 0.193333
20 0.668961 0.130833 0.421777 0.055000
9 0.851064 0.330833 0.112641 0.368333
2 0.831665 0.220833 0.068836 0.141667
2 0.887359 0.201667 0.047559 0.096667
11 0.867960 0.465833 0.081352 0.165000
19 0.719024 0.340000 0.091364 0.063333
0 0.914894 0.312500 0.045056 0.165000
2 0.871715 0.206667 0.033792 0.106667
18 0.941176 0.349167 0.045056 0.065000
5 0.750939 0.580000 0.225282 0.233333
17 0.277847 0.717500 0.450563 0.335000