13 0.684211 0.412354 0.531328 0.223706
6 0.883459 0.595159 0.142857 0.255426
10 0.689850 0.545910 0.206767 0.093489
1 0.479950 0.694491 0.170426 0.310518
17 0.737469 0.671953 0.419799 0.292154
14 0.491228 0.493322 0.265664 0.358932
19 0.310777 0.290484 0.102757 0.066778
19 0.654762 0.248748 0.018797 0.023372
7 0.518797 0.242070 0.363409 0.180301
4 0.289474 0.370618 0.185464 0.480801
16 0.897870 0.644407 0.083960 0.103506
8 0.302632 0.237896 0.149123 0.191987
20 0.364035 0.133556 0.399749 0.050083
2 0.184211 0.205342 0.092732 0.130217
2 0.135338 0.195326 0.055138 0.080134
9 0.168546 0.321369 0.146617 0.382304
5 0.244361 0.564274 0.233083 0.186978
11 0.116541 0.476628 0.100251 0.191987
0 0.091479 0.349750 0.082707 0.245409