10 0.401807 0.575730 0.244578 0.147810
1 0.601205 0.703467 0.118072 0.304745
17 0.327108 0.666058 0.473494 0.416058
13 0.386747 0.399635 0.544578 0.368613
10 0.112651 0.430657 0.032530 0.145985
14 0.568675 0.492701 0.267470 0.386861
19 0.755422 0.297445 0.072289 0.076642
7 0.511446 0.185219 0.396386 0.250000
2 0.802410 0.181569 0.053012 0.166058
5 0.739157 0.538321 0.169880 0.266423
20 0.620482 0.073905 0.286747 0.041971
9 0.807831 0.268248 0.080723 0.364964
4 0.740964 0.335766 0.118072 0.500000
11 0.812048 0.437044 0.065060 0.158759
6 0.246988 0.685219 0.245783 0.191606