1 0.841388 0.583505 0.148699 0.247423
11 0.204461 0.613402 0.171004 0.241237
19 0.714994 0.323711 0.032218 0.061856
18 0.097893 0.480412 0.118959 0.210309
15 0.058240 0.338144 0.024783 0.070103
12 0.166047 0.255670 0.143742 0.086598
2 0.393432 0.259794 0.169765 0.160825
8 0.576208 0.268041 0.228005 0.177320
20 0.424411 0.169072 0.333333 0.045361
13 0.836431 0.323711 0.215613 0.094845
14 0.846344 0.455670 0.215613 0.280412
0 0.207559 0.441237 0.291202 0.338144
7 0.679058 0.244330 0.161090 0.138144
5 0.526642 0.613402 0.463445 0.047423
4 0.621437 0.475258 0.268897 0.261856
9 0.366171 0.465979 0.263941 0.280412
2 0.269517 0.276289 0.063197 0.103093
3 0.088600 0.292784 0.040892 0.024742