8 0.800478 0.212800 0.124253 0.163200
8 0.876941 0.236800 0.047790 0.080000
19 0.890681 0.296000 0.051374 0.038400
2 0.622461 0.207200 0.231780 0.209600
2 0.505974 0.220800 0.053763 0.124800
9 0.644564 0.384000 0.271207 0.569600
4 0.818399 0.352000 0.195938 0.486400
0 0.451613 0.438400 0.346476 0.470400
12 0.222222 0.218400 0.274791 0.225600
16 0.074671 0.570400 0.051374 0.126400
3 0.228196 0.332800 0.372760 0.524800
18 0.217443 0.661600 0.372760 0.465600
15 0.273596 0.460000 0.203106 0.184000
14 0.925329 0.380000 0.082437 0.244800
11 0.452210 0.789600 0.249701 0.369600
1 0.911589 0.470400 0.078853 0.176000
5 0.741935 0.618400 0.284349 0.209600
20 0.540621 0.079200 0.316607 0.036800
13 0.932497 0.264800 0.044205 0.030400