18 0.689024 0.584810 0.346690 0.364557
9 0.360627 0.400000 0.167247 0.384810
11 0.465157 0.636709 0.135889 0.250633
12 0.599303 0.251899 0.278746 0.134177
4 0.252613 0.383544 0.149826 0.351899
1 0.176829 0.475949 0.067944 0.136709
19 0.188153 0.321519 0.031359 0.040506
14 0.164634 0.417722 0.060976 0.167089
0 0.511324 0.475949 0.297909 0.313924
5 0.280488 0.562025 0.163763 0.111392
20 0.472997 0.192405 0.308362 0.050633
15 0.613240 0.422785 0.205575 0.081013
15 0.826655 0.343038 0.012195 0.078481
3 0.695993 0.411392 0.270035 0.306329
2 0.418990 0.283544 0.029617 0.070886
2 0.358885 0.269620 0.087108 0.113924
8 0.264808 0.275949 0.104530 0.116456