16 0.756625 0.484740 0.165969 0.107720
12 0.690377 0.232496 0.329149 0.267504
15 0.858438 0.236984 0.015342 0.193896
15 0.492329 0.310592 0.164575 0.412926
3 0.699442 0.482047 0.350070 0.307002
18 0.633194 0.666068 0.529986 0.384201
11 0.370293 0.760323 0.135286 0.314183
0 0.363319 0.496409 0.160391 0.328546
19 0.138773 0.265709 0.068340 0.061041
2 0.377266 0.187612 0.099024 0.181329
2 0.310321 0.186715 0.115760 0.186715
8 0.220363 0.192998 0.100418 0.177738
1 0.135983 0.464093 0.046025 0.159785
4 0.213389 0.320467 0.153417 0.497307
9 0.333333 0.352783 0.251046 0.579892
20 0.508368 0.083483 0.456067 0.066427
5 0.225941 0.582585 0.156206 0.217235
14 0.135983 0.402154 0.059972 0.219031
14 0.172943 0.209156 0.041841 0.109515
8 0.168061 0.233393 0.023710 0.071813
3 0.714784 0.105925 0.277545 0.061041