12 0.719468 0.301483 0.360339 0.286656
3 0.727932 0.535420 0.365175 0.316310
18 0.672310 0.693575 0.507860 0.415157
15 0.504232 0.352554 0.084643 0.421746
15 0.875453 0.319605 0.079807 0.342669
20 0.633615 0.143328 0.415961 0.056013
0 0.397823 0.542834 0.145103 0.370675
2 0.340992 0.256178 0.103990 0.199341
9 0.333736 0.399506 0.142684 0.512356
8 0.258767 0.251236 0.103990 0.176277
4 0.258162 0.368204 0.124547 0.436573
19 0.187424 0.312191 0.043531 0.054366
14 0.193470 0.438221 0.045949 0.197694
1 0.209190 0.498353 0.058041 0.140033
11 0.420798 0.780066 0.130593 0.294893
2 0.422612 0.265239 0.056832 0.184514