16 0.082915 0.688442 0.075377 0.150754
1 0.930276 0.485762 0.076633 0.170854
11 0.528894 0.806533 0.201005 0.340034
14 0.950377 0.382747 0.051508 0.095477
0 0.519472 0.556951 0.317839 0.333333
5 0.769472 0.644054 0.275126 0.236181
4 0.838568 0.385260 0.202261 0.475712
19 0.928392 0.298157 0.072864 0.093802
8 0.826005 0.250419 0.144472 0.189280
9 0.670854 0.419598 0.276382 0.554439
2 0.587312 0.279732 0.101759 0.224456
20 0.521357 0.134003 0.615578 0.080402
18 0.254397 0.703518 0.471106 0.475712
15 0.336055 0.555276 0.199749 0.152429
3 0.203518 0.500000 0.329146 0.380235
12 0.228643 0.286432 0.344221 0.301508
2 0.682161 0.264657 0.178392 0.217755
3 0.278266 0.152429 0.257538 0.093802
15 0.208543 0.546901 0.087940 0.115578