2 0.862369 0.259302 0.069686 0.118605
1 0.640244 0.701163 0.127178 0.295349
0 0.913763 0.332558 0.033101 0.148837
6 0.222997 0.588372 0.219512 0.200000
5 0.789199 0.587209 0.167247 0.197674
20 0.674216 0.176744 0.306620 0.055814
4 0.791812 0.419767 0.134146 0.448837
19 0.803136 0.370930 0.097561 0.067442
17 0.344948 0.680233 0.491289 0.425581
14 0.223868 0.390698 0.179443 0.148837
14 0.538328 0.505814 0.411150 0.258140
13 0.407666 0.452326 0.554007 0.304651
11 0.885017 0.460465 0.062718 0.148837
10 0.436411 0.623256 0.280488 0.102326
10 0.124564 0.481395 0.019164 0.102326
8 0.797909 0.286047 0.080139 0.172093
9 0.864111 0.361628 0.087108 0.337209
7 0.563589 0.288372 0.402439 0.227907