20 0.615854 0.195804 0.252613 0.037296
11 0.831010 0.461538 0.041812 0.135198
9 0.808362 0.357809 0.076655 0.296037
14 0.667247 0.495338 0.188153 0.268065
17 0.364983 0.675991 0.555749 0.372960
4 0.771777 0.386946 0.076655 0.358974
1 0.660279 0.660839 0.111498 0.277389
7 0.543554 0.289044 0.355401 0.172494
13 0.417247 0.452214 0.566202 0.279720
10 0.500000 0.593240 0.212544 0.142191
19 0.384146 0.275058 0.026132 0.027972
6 0.243902 0.586247 0.219512 0.188811
10 0.138502 0.468531 0.057491 0.125874
0 0.842334 0.321678 0.026132 0.111888
5 0.762195 0.559441 0.102787 0.158508
8 0.763066 0.285548 0.048780 0.137529
2 0.800523 0.263403 0.057491 0.088578