11 0.166197 0.644092 0.154930 0.296830
1 0.788732 0.641210 0.160563 0.308357
8 0.531690 0.197406 0.252113 0.187320
4 0.541549 0.381844 0.297183 0.579251
17 0.913380 0.557637 0.083099 0.296830
14 0.787324 0.468300 0.233803 0.389049
13 0.801408 0.286744 0.208451 0.118156
10 0.864789 0.368876 0.146479 0.097983
7 0.638028 0.181556 0.185915 0.195965
20 0.369718 0.102305 0.364789 0.100865
2 0.315493 0.185879 0.138028 0.152738
9 0.296479 0.374640 0.246479 0.559078
18 0.072535 0.482709 0.074648 0.325648
0 0.137324 0.360231 0.094366 0.190202
15 0.081690 0.293948 0.064789 0.103746
3 0.124648 0.165706 0.156338 0.158501
5 0.474648 0.668588 0.428169 0.046110