15 0.714912 0.541570 0.061404 0.090069
15 0.857018 0.443418 0.019298 0.073903
12 0.583333 0.348730 0.338596 0.166282
3 0.702632 0.498845 0.317544 0.277136
18 0.669298 0.648961 0.440351 0.318707
0 0.531579 0.551963 0.375439 0.267898
11 0.451754 0.749423 0.152632 0.247113
9 0.312281 0.491917 0.168421 0.383372
2 0.326316 0.378753 0.143860 0.138568
20 0.437719 0.279446 0.278947 0.046189
4 0.202632 0.475751 0.142105 0.346420
8 0.209649 0.369515 0.110526 0.124711
14 0.116667 0.525404 0.089474 0.187067
17 0.077193 0.532333 0.017544 0.071594
1 0.120175 0.577367 0.061404 0.138568
5 0.264035 0.663972 0.219298 0.127021
19 0.122807 0.429561 0.049123 0.069284