19 0.711353 0.371901 0.094203 0.125620
2 0.837560 0.233884 0.085749 0.143802
8 0.720411 0.273554 0.136473 0.226446
10 0.258454 0.644628 0.282609 0.234711
14 0.493961 0.563636 0.316425 0.343802
6 0.094807 0.630579 0.095411 0.147107
17 0.241546 0.785950 0.391304 0.335537
1 0.506039 0.778512 0.198068 0.317355
7 0.461957 0.298347 0.397343 0.242975
13 0.276570 0.488430 0.420290 0.242975
4 0.730072 0.432231 0.179952 0.543802
9 0.854469 0.368595 0.136473 0.419835
0 0.931763 0.328926 0.049517 0.178512
11 0.900966 0.495868 0.082126 0.168595
5 0.782609 0.573554 0.338164 0.373554
20 0.606280 0.163636 0.282609 0.062810
8 0.594807 0.325620 0.184783 0.261157
2 0.885870 0.225620 0.027778 0.100826
2 0.906401 0.223140 0.039855 0.089256