2 0.400123 0.333333 0.144266 0.166667
8 0.630086 0.357558 0.244143 0.203488
9 0.367448 0.481589 0.273736 0.498062
4 0.634402 0.481589 0.297164 0.494186
19 0.750308 0.431202 0.028360 0.067829
5 0.511714 0.684109 0.463625 0.162791
11 0.221332 0.749031 0.156597 0.230620
1 0.861899 0.713178 0.160296 0.228682
14 0.849568 0.568798 0.219482 0.358527
0 0.212700 0.507752 0.171393 0.205426
18 0.130086 0.648256 0.094945 0.215116
17 0.956843 0.634690 0.066584 0.207364
10 0.942047 0.503876 0.086313 0.104651
20 0.414920 0.235465 0.437731 0.052326
13 0.895808 0.437016 0.131936 0.098837
12 0.163379 0.330426 0.082614 0.149225
15 0.130703 0.487403 0.069051 0.118217
3 0.118989 0.423450 0.033292 0.040698
7 0.742293 0.337209 0.221948 0.174419
2 0.287916 0.332364 0.070284 0.133721