11 0.461677 0.737154 0.168862 0.332016
1 0.099401 0.440711 0.079042 0.193676
19 0.125749 0.233202 0.047904 0.071146
8 0.213772 0.180830 0.149701 0.175889
4 0.188024 0.324111 0.215569 0.478261
20 0.473653 0.071146 0.516168 0.079051
5 0.246108 0.583992 0.255090 0.219368
14 0.084431 0.360672 0.065868 0.239130
12 0.804192 0.263834 0.286228 0.266798
2 0.348503 0.200593 0.172455 0.219368
9 0.338323 0.340909 0.228743 0.535573
18 0.720359 0.707510 0.465868 0.316206
15 0.729341 0.523715 0.153293 0.193676
3 0.871856 0.508893 0.165269 0.349802
0 0.592814 0.466403 0.395210 0.276680
2 0.563473 0.231225 0.190419 0.233202
3 0.728144 0.117589 0.201198 0.061265