3 0.672504 0.310914 0.437828 0.474619
12 0.670753 0.197970 0.346760 0.177665
15 0.518389 0.384518 0.154116 0.114213
18 0.653240 0.588832 0.514886 0.370558
0 0.415937 0.364213 0.162872 0.225888
11 0.366025 0.639594 0.119089 0.355330
1 0.133975 0.409898 0.036778 0.159898
20 0.438704 0.072335 0.271454 0.053299
14 0.139229 0.335025 0.061296 0.203046
19 0.169877 0.215736 0.045534 0.076142
4 0.223292 0.300761 0.141856 0.388325
9 0.302102 0.324873 0.159370 0.461929
2 0.398424 0.195431 0.057793 0.137056
2 0.320490 0.178934 0.122592 0.154822
5 0.221541 0.519036 0.131349 0.170051
15 0.635727 0.388325 0.084063 0.065990