4 0.410608 0.404651 0.282479 0.455814
9 0.633492 0.408140 0.232420 0.472093
5 0.467819 0.659302 0.439809 0.062791
0 0.809297 0.491860 0.302741 0.281395
1 0.168653 0.613953 0.141836 0.260465
11 0.774732 0.658140 0.154946 0.269767
18 0.911800 0.602326 0.112038 0.158140
15 0.943385 0.424419 0.036949 0.076744
10 0.049464 0.451163 0.039333 0.065116
13 0.162694 0.376744 0.241955 0.120930
20 0.652563 0.191860 0.384982 0.067442
2 0.786055 0.270930 0.189511 0.160465
17 0.052443 0.566279 0.061979 0.179070
14 0.166269 0.513953 0.225268 0.237209
19 0.314064 0.325581 0.046484 0.069767