7 0.500682 0.276908 0.371078 0.213307
13 0.657572 0.458904 0.450205 0.275930
17 0.699181 0.730920 0.427012 0.295499
10 0.647340 0.597847 0.208731 0.209393
6 0.826057 0.588063 0.148704 0.146771
19 0.300819 0.366928 0.069577 0.056751
14 0.457026 0.526419 0.218281 0.340509
1 0.459754 0.750489 0.155525 0.283757
4 0.259891 0.419765 0.197817 0.499022
8 0.264666 0.286693 0.150068 0.205479
20 0.345839 0.164384 0.323329 0.043053
2 0.152797 0.251468 0.079127 0.135029
0 0.122783 0.399217 0.095498 0.270059
5 0.266712 0.621331 0.216917 0.178082
11 0.125512 0.509785 0.073670 0.158513
3 0.167804 0.208415 0.122783 0.111546
8 0.371760 0.385519 0.045020 0.093933