9 0.084495 0.237150 0.116725 0.408879
11 0.044425 0.356308 0.064460 0.156542
14 0.380662 0.404206 0.263066 0.355140
17 0.637631 0.603972 0.484321 0.450935
4 0.182927 0.302570 0.163763 0.539720
1 0.363240 0.639019 0.141115 0.282710
10 0.549652 0.496495 0.256098 0.165888
13 0.610627 0.345794 0.465157 0.257009
7 0.455575 0.170561 0.440767 0.228972
19 0.196864 0.254673 0.087108 0.074766
0 0.019164 0.191589 0.034843 0.219626
5 0.170732 0.497664 0.222997 0.242991
20 0.322300 0.039720 0.337979 0.056075
8 0.288328 0.252336 0.078397 0.158879
2 0.091463 0.110981 0.071429 0.137850
2 0.052265 0.091121 0.024390 0.056075
8 0.185540 0.136682 0.116725 0.170561