15 0.593206 0.626450 0.019164 0.023202
8 0.244774 0.305104 0.074913 0.099768
9 0.299652 0.407193 0.111498 0.322506
11 0.380662 0.626450 0.109756 0.213457
12 0.536585 0.308585 0.327526 0.120650
14 0.178571 0.425754 0.040070 0.150812
15 0.801394 0.428074 0.031359 0.118329
15 0.540941 0.491879 0.127178 0.134571
17 0.156794 0.419954 0.006969 0.060325
18 0.597561 0.590487 0.470383 0.248260
19 0.188153 0.337587 0.038328 0.030162
20 0.433798 0.242459 0.299652 0.034803
3 0.630662 0.448956 0.355401 0.225058
4 0.238676 0.385151 0.104530 0.278422
5 0.252613 0.540603 0.111498 0.102088
0 0.427700 0.490719 0.249129 0.238979
1 0.186411 0.468677 0.048780 0.120650
2 0.306620 0.314385 0.094077 0.132251