13 0.324375 0.474336 0.556250 0.428319
7 0.499375 0.201770 0.436250 0.237168
10 0.380625 0.570796 0.291250 0.214159
14 0.583125 0.471681 0.226250 0.362832
6 0.138750 0.659292 0.210000 0.242478
19 0.753125 0.294690 0.098750 0.079646
8 0.758125 0.190265 0.108750 0.192920
8 0.671875 0.293805 0.048750 0.148673
20 0.673125 0.073451 0.388750 0.051327
2 0.853125 0.161947 0.071250 0.139823
17 0.300000 0.776991 0.500000 0.339823
16 0.121875 0.784071 0.138750 0.155752
15 0.929375 0.229204 0.013750 0.076106
9 0.859375 0.285841 0.108750 0.423009
4 0.764375 0.361062 0.156250 0.569912
5 0.765625 0.561062 0.193750 0.205310
11 0.886875 0.429204 0.083750 0.178761
1 0.575000 0.733628 0.172500 0.341593
0 0.909375 0.307080 0.053750 0.224779