8 0.190767 0.232558 0.099303 0.125581
9 0.258711 0.366279 0.158537 0.406977
11 0.356272 0.632558 0.151568 0.293023
12 0.589721 0.226744 0.395470 0.113953
14 0.095819 0.355814 0.048780 0.116279
15 0.862369 0.313953 0.052265 0.027907
15 0.645470 0.345349 0.155052 0.067442
15 0.561847 0.427907 0.221254 0.186047
18 0.635889 0.594186 0.540070 0.337209
19 0.108014 0.276744 0.066202 0.041860
20 0.428571 0.160465 0.313589 0.032558
3 0.640244 0.368605 0.496516 0.397674
4 0.175087 0.346512 0.148084 0.362791
5 0.196864 0.553488 0.160279 0.153488
0 0.409408 0.422093 0.306620 0.300000
1 0.107143 0.440698 0.060976 0.151163
2 0.357143 0.250000 0.045296 0.086047
2 0.275261 0.232558 0.118467 0.125581