11 0.769410 0.434540 0.063665 0.172702
2 0.743012 0.179666 0.057453 0.119777
14 0.525621 0.438719 0.159938 0.320334
4 0.669255 0.341226 0.152174 0.481894
1 0.534161 0.654596 0.102484 0.272981
8 0.640528 0.235376 0.150621 0.242340
6 0.232919 0.506964 0.155280 0.155989
10 0.381211 0.493036 0.166149 0.200557
13 0.351708 0.370474 0.364907 0.217270
16 0.210404 0.647632 0.082298 0.114206
19 0.637422 0.298050 0.063665 0.089136
0 0.767081 0.324513 0.077640 0.236769
5 0.670807 0.529248 0.167702 0.189415
20 0.558230 0.093315 0.212733 0.036212
7 0.467391 0.207521 0.316770 0.203343
17 0.324534 0.603064 0.366460 0.342618