1 0.554087 0.748013 0.168269 0.297297
10 0.378606 0.563593 0.269231 0.166932
19 0.754207 0.350556 0.099760 0.071542
11 0.878005 0.491256 0.080529 0.152623
6 0.162861 0.524642 0.207933 0.222576
10 0.073918 0.430048 0.034856 0.100159
13 0.364784 0.399841 0.554087 0.313196
7 0.525240 0.232114 0.447115 0.263911
20 0.654447 0.116852 0.349760 0.074722
8 0.771034 0.251192 0.078125 0.178060
14 0.579327 0.507154 0.242788 0.359300
5 0.763822 0.600159 0.227163 0.214626
2 0.864183 0.236884 0.052885 0.155803
0 0.917668 0.336248 0.046875 0.170111
19 0.338341 0.210652 0.030048 0.027027
4 0.763822 0.387917 0.164663 0.527822
9 0.867188 0.330684 0.094952 0.406995
17 0.285457 0.660572 0.472356 0.468998