7 0.426724 0.301498 0.284483 0.209738
13 0.186576 0.430712 0.323892 0.235955
10 0.152709 0.507491 0.197044 0.119850
19 0.512931 0.432584 0.094828 0.119850
2 0.786946 0.301498 0.142857 0.161049
8 0.558498 0.332397 0.254926 0.226592
9 0.795567 0.426966 0.197044 0.456929
4 0.552340 0.459738 0.309113 0.518727
14 0.298645 0.553371 0.277094 0.342697
5 0.629310 0.681648 0.448276 0.153558
0 0.900246 0.477528 0.133005 0.273408
15 0.961823 0.392322 0.027094 0.073034
18 0.973522 0.511236 0.033251 0.187266
17 0.118842 0.673221 0.181034 0.260300
1 0.290025 0.733146 0.198276 0.275281
11 0.897167 0.598315 0.129310 0.215356
20 0.625000 0.194757 0.274631 0.037453