5 0.180702 0.571429 0.196491 0.201405
19 0.213158 0.324356 0.096491 0.063232
10 0.617544 0.611241 0.143860 0.201405
4 0.204386 0.400468 0.156140 0.449649
1 0.407018 0.704918 0.164912 0.332553
14 0.428947 0.517564 0.328070 0.374707
20 0.324561 0.176815 0.298246 0.035129
13 0.604386 0.446136 0.556140 0.255269
6 0.808772 0.584309 0.224561 0.241218
9 0.108772 0.346604 0.115789 0.327869
7 0.435965 0.274005 0.377193 0.163934
11 0.070175 0.447307 0.059649 0.168618
18 0.038596 0.391101 0.024561 0.103044
2 0.116667 0.243560 0.092982 0.112412
8 0.212281 0.274005 0.115789 0.192037
17 0.687719 0.733021 0.463158 0.337237
0 0.048246 0.307963 0.033333 0.096019