16 0.798436 0.655285 0.160048 0.146341
10 0.480746 0.445528 0.354994 0.201626
6 0.757521 0.470732 0.203369 0.069919
6 0.733454 0.713008 0.261131 0.128455
6 0.782792 0.582114 0.210590 0.107317
7 0.426594 0.170732 0.436823 0.169106
13 0.567389 0.363415 0.610108 0.245528
14 0.269555 0.475610 0.163658 0.336585
19 0.135981 0.291057 0.105897 0.110569
4 0.166667 0.348780 0.164862 0.508943
2 0.106498 0.176423 0.044525 0.115447
0 0.075812 0.343902 0.055355 0.287805
11 0.086041 0.459350 0.061372 0.151220
5 0.155836 0.551220 0.123947 0.191870
1 0.302046 0.691870 0.161252 0.339837
17 0.583634 0.631707 0.623345 0.424390
20 0.281588 0.086992 0.283995 0.030894
8 0.220818 0.252033 0.034898 0.110569
8 0.157641 0.193496 0.089049 0.175610