7 0.508145 0.209516 0.462406 0.222037
8 0.783208 0.223706 0.117794 0.213689
8 0.697368 0.309683 0.036341 0.081803
4 0.788847 0.378130 0.169173 0.545910
1 0.582080 0.734558 0.179198 0.347245
13 0.347118 0.373122 0.528822 0.258765
10 0.365915 0.527546 0.315789 0.267112
10 0.108396 0.352254 0.096491 0.086811
17 0.288847 0.646077 0.532581 0.537563
16 0.077694 0.675292 0.102757 0.191987
20 0.635338 0.093489 0.340852 0.046745
14 0.588972 0.480801 0.253133 0.417362
2 0.874687 0.181970 0.065163 0.126878
9 0.884712 0.311352 0.100251 0.409015
11 0.901003 0.440735 0.077694 0.166945
6 0.141604 0.506678 0.197995 0.181970
0 0.924185 0.328881 0.053885 0.250417
15 0.946742 0.281302 0.008772 0.088481