3 0.705097 0.473002 0.220874 0.298056
12 0.679005 0.292657 0.248786 0.213823
15 0.581311 0.518359 0.109223 0.181425
3 0.628034 0.174946 0.178398 0.043197
15 0.817961 0.415767 0.014563 0.140389
9 0.382282 0.414687 0.196602 0.578834
4 0.268204 0.377970 0.189320 0.505400
14 0.161408 0.419006 0.063107 0.250540
10 0.147451 0.318575 0.027913 0.049676
1 0.163835 0.503240 0.048544 0.181425
5 0.295510 0.649028 0.212379 0.213823
0 0.488471 0.538877 0.219660 0.356371
11 0.476335 0.803456 0.144417 0.323974
18 0.662621 0.684665 0.332524 0.406048
2 0.494539 0.291577 0.061893 0.129590
2 0.396845 0.262419 0.131068 0.205184
8 0.282160 0.236501 0.122573 0.170626
8 0.220267 0.260259 0.030340 0.092873
20 0.498180 0.136069 0.343447 0.060475