1 0.853175 0.556054 0.049206 0.147982
14 0.854762 0.506726 0.046032 0.224215
4 0.813492 0.445067 0.087302 0.383408
8 0.801587 0.331839 0.053968 0.147982
19 0.845238 0.375561 0.033333 0.051570
5 0.800794 0.645740 0.087302 0.156951
2 0.679365 0.360987 0.076190 0.215247
9 0.763492 0.463004 0.088889 0.414798
0 0.634921 0.571749 0.228571 0.264574
11 0.703175 0.773543 0.101587 0.282511
18 0.439683 0.738789 0.555556 0.316143
15 0.191270 0.536996 0.017460 0.114350
15 0.562698 0.639013 0.125397 0.165919
16 0.323810 0.563901 0.133333 0.109865
3 0.365873 0.569507 0.353968 0.286996
2 0.404762 0.375561 0.387302 0.226457
20 0.595238 0.236547 0.396825 0.042601
2 0.755556 0.345291 0.057143 0.174888
3 0.460317 0.247758 0.314286 0.047085