12 0.779141 0.234375 0.297546 0.266827
3 0.800613 0.375000 0.358896 0.610577
16 0.920245 0.504808 0.067485 0.125000
18 0.804448 0.693510 0.372699 0.468750
15 0.980061 0.419471 0.015337 0.079327
15 0.736196 0.521635 0.202454 0.230769
0 0.578988 0.560096 0.292945 0.375000
20 0.468558 0.102163 0.430982 0.074519
11 0.584356 0.816106 0.208589 0.362981
2 0.500000 0.231971 0.064417 0.194712
9 0.422546 0.421875 0.271472 0.603365
5 0.312117 0.677885 0.292945 0.221154
8 0.259202 0.233173 0.138037 0.177885
4 0.245399 0.396635 0.190184 0.528846
19 0.157209 0.296875 0.050613 0.064904
14 0.133436 0.449519 0.082822 0.250000
1 0.149540 0.536058 0.099693 0.192308
2 0.403374 0.230769 0.144172 0.192308