18 0.753095 0.621339 0.309491 0.384937
11 0.578404 0.755230 0.188446 0.309623
2 0.473865 0.257322 0.174691 0.138075
12 0.755158 0.274059 0.192572 0.163180
14 0.137552 0.440377 0.093535 0.240586
17 0.096974 0.461297 0.015131 0.106695
4 0.291609 0.410042 0.255846 0.456067
1 0.150619 0.515690 0.092160 0.186192
8 0.314993 0.254184 0.206327 0.135983
13 0.146492 0.313808 0.031637 0.016736
19 0.181568 0.298117 0.041265 0.056485
0 0.528198 0.525105 0.352132 0.372385
5 0.327373 0.648536 0.294360 0.179916
20 0.522008 0.158996 0.350757 0.046025
15 0.724897 0.452929 0.060523 0.106695
3 0.747593 0.342050 0.276479 0.378661