19 0.093900 0.292742 0.056220 0.053226
8 0.201555 0.233065 0.127990 0.166129
2 0.369019 0.234677 0.199761 0.182258
9 0.348684 0.390323 0.257177 0.512903
4 0.188995 0.377419 0.196172 0.483871
1 0.091507 0.495161 0.080144 0.170968
11 0.524522 0.771774 0.223684 0.337097
14 0.084928 0.429032 0.086124 0.216129
15 0.696770 0.433065 0.187799 0.124194
12 0.761962 0.239516 0.272727 0.188710
20 0.450359 0.124194 0.465311 0.051613
5 0.265550 0.637903 0.277512 0.208065
3 0.752392 0.354032 0.370813 0.491935
16 0.915072 0.637903 0.050239 0.146774
18 0.755981 0.658871 0.387560 0.450000
0 0.550837 0.495161 0.376794 0.358065
13 0.067584 0.312097 0.034689 0.024194