5 0.229751 0.595876 0.210280 0.140206
10 0.602804 0.447423 0.258567 0.098969
13 0.640187 0.370103 0.485981 0.129897
14 0.428349 0.469072 0.224299 0.315464
17 0.694704 0.584536 0.448598 0.410309
1 0.450156 0.692784 0.186916 0.296907
4 0.246885 0.413402 0.151090 0.418557
19 0.267134 0.330928 0.095016 0.063918
8 0.243769 0.280412 0.101246 0.136082
2 0.158100 0.276289 0.070093 0.136082
9 0.139408 0.381443 0.104361 0.342268
11 0.115265 0.552577 0.093458 0.173196
0 0.076324 0.412371 0.034268 0.169072
15 0.066978 0.362887 0.021807 0.037113
20 0.273364 0.227835 0.359813 0.096907
7 0.471963 0.264948 0.395639 0.138144
2 0.113707 0.291753 0.031153 0.080412
6 0.822430 0.426804 0.137072 0.078351
6 0.855140 0.555670 0.102804 0.150515