12 0.240025 0.285833 0.337905 0.311667
16 0.166459 0.508333 0.093516 0.110000
11 0.621571 0.680000 0.140898 0.293333
1 0.892145 0.440833 0.078554 0.155000
15 0.334788 0.594167 0.163342 0.165000
0 0.485661 0.558333 0.340399 0.400000
20 0.491895 0.100833 0.657107 0.058333
15 0.079177 0.449167 0.041147 0.111667
2 0.708229 0.232500 0.157107 0.238333
9 0.713840 0.354167 0.168329 0.491667
8 0.814838 0.216667 0.130923 0.200000
4 0.820449 0.320833 0.142145 0.425000
5 0.784913 0.541667 0.185786 0.193333
3 0.194514 0.526667 0.276808 0.383333
18 0.314214 0.693333 0.488778 0.320000
14 0.913965 0.356667 0.069825 0.173333
19 0.901496 0.267500 0.062344 0.048333
2 0.531796 0.267500 0.183292 0.308333