19 0.162651 0.250000 0.040964 0.069565
8 0.262651 0.205435 0.142169 0.180435
2 0.375301 0.221739 0.138554 0.208696
15 0.669277 0.505435 0.133735 0.132609
15 0.921084 0.434783 0.022892 0.113043
18 0.717470 0.683696 0.463855 0.419565
12 0.681325 0.232609 0.343373 0.213043
3 0.784337 0.466304 0.291566 0.328261
0 0.536145 0.517391 0.368675 0.373913
5 0.244578 0.666304 0.260241 0.241304
20 0.512048 0.107609 0.354217 0.089130
9 0.353012 0.404348 0.200000 0.573913
4 0.230723 0.376087 0.210843 0.526087
14 0.095783 0.404348 0.112048 0.295652
2 0.483735 0.258696 0.073494 0.156522
15 0.756627 0.511957 0.069880 0.106522