7 0.506807 0.160225 0.412129 0.198068
19 0.701733 0.285829 0.126238 0.114332
8 0.717822 0.186795 0.205446 0.222222
4 0.714109 0.329308 0.254950 0.526570
1 0.472153 0.661836 0.214109 0.302738
13 0.279703 0.323671 0.509901 0.222222
14 0.487624 0.462963 0.279703 0.317230
5 0.749381 0.524960 0.323020 0.244767
20 0.698020 0.059581 0.410891 0.035427
17 0.214728 0.611111 0.392327 0.381643
10 0.204208 0.583736 0.165842 0.082126
2 0.884282 0.146538 0.095297 0.132045
9 0.883663 0.269726 0.150990 0.400966
11 0.919554 0.408213 0.096535 0.169082
15 0.975248 0.218196 0.022277 0.037037
0 0.962252 0.263285 0.043317 0.185185