1 0.468944 0.724101 0.140373 0.281184
11 0.758385 0.531712 0.058385 0.162791
10 0.345342 0.545455 0.156522 0.160677
6 0.192547 0.557082 0.116770 0.099366
16 0.159006 0.667019 0.079503 0.116279
14 0.472050 0.531712 0.171429 0.340381
13 0.307453 0.440803 0.326708 0.196617
7 0.432919 0.288584 0.311801 0.175476
20 0.580745 0.186047 0.344099 0.063425
4 0.608696 0.437632 0.154037 0.490486
9 0.719255 0.396406 0.096894 0.399577
2 0.707453 0.273784 0.073292 0.141649
8 0.604348 0.302326 0.145342 0.202960
10 0.134161 0.474630 0.032298 0.073996
17 0.287578 0.657505 0.378882 0.372093
19 0.596273 0.378436 0.062112 0.101480
0 0.775776 0.375264 0.040994 0.154334
2 0.750311 0.265328 0.019876 0.078224
5 0.648447 0.631078 0.188820 0.162791