15 0.069726 0.291594 0.020262 0.061296
2 0.146603 0.205779 0.059595 0.096322
2 0.175805 0.211033 0.039333 0.113835
2 0.232420 0.218914 0.081049 0.147110
8 0.368892 0.232925 0.146603 0.175131
19 0.426103 0.305604 0.115614 0.082312
4 0.387962 0.397548 0.232420 0.528897
9 0.214541 0.353765 0.166865 0.437828
20 0.341478 0.125219 0.406436 0.043783
7 0.546484 0.229422 0.287247 0.189142
14 0.663290 0.470228 0.356377 0.355517
13 0.766389 0.368651 0.426698 0.201401
10 0.850417 0.524518 0.182360 0.110333
6 0.965435 0.500876 0.033373 0.136602
17 0.740763 0.647110 0.487485 0.338004
5 0.359952 0.623468 0.345650 0.178634
18 0.127533 0.429947 0.131108 0.211909
0 0.107867 0.302977 0.089392 0.171629
11 0.155542 0.503503 0.110846 0.194396
1 0.661502 0.686515 0.224076 0.329247