6 0.780411 0.450939 0.167457 0.154489
16 0.841232 0.570981 0.048973 0.085595
13 0.631122 0.346555 0.431280 0.129436
10 0.612954 0.421712 0.233807 0.133612
1 0.438389 0.615866 0.150079 0.296451
11 0.144550 0.460334 0.077409 0.160752
7 0.498420 0.240084 0.336493 0.141962
8 0.290679 0.239040 0.107425 0.148225
19 0.301738 0.306889 0.107425 0.083507
2 0.184044 0.230689 0.124803 0.127349
5 0.255924 0.544885 0.192733 0.125261
17 0.682464 0.601253 0.388626 0.288100
10 0.860190 0.418580 0.030016 0.123173
14 0.446288 0.440501 0.244866 0.292276
15 0.092417 0.304802 0.007899 0.029228
20 0.337283 0.162839 0.380727 0.041754
4 0.284360 0.369520 0.148499 0.409186
9 0.172986 0.334029 0.131122 0.334029
0 0.101896 0.341336 0.026856 0.152401