18 0.666084 0.605140 0.517483 0.397196
3 0.718531 0.442757 0.374126 0.338785
15 0.899476 0.379673 0.022727 0.067757
15 0.691434 0.477804 0.106643 0.086449
15 0.564685 0.481308 0.164336 0.084112
12 0.614510 0.264019 0.365385 0.172897
20 0.469406 0.184579 0.372378 0.060748
0 0.476399 0.480140 0.319930 0.273364
11 0.407343 0.668224 0.129371 0.257009
5 0.251748 0.567757 0.160839 0.158879
9 0.312937 0.401869 0.167832 0.420561
1 0.155594 0.449766 0.048951 0.137850
14 0.145105 0.415888 0.059441 0.177570
17 0.125000 0.413551 0.019231 0.098131
4 0.222028 0.367991 0.132867 0.352804
19 0.149476 0.304907 0.047203 0.044393
8 0.229895 0.264019 0.092657 0.121495
2 0.325175 0.274533 0.132867 0.147196