20 0.626687 0.113734 0.305847 0.034335
7 0.518741 0.229614 0.416792 0.206009
13 0.393553 0.402361 0.505247 0.212446
10 0.118441 0.477468 0.026987 0.075107
10 0.523238 0.567597 0.221889 0.165236
6 0.251124 0.547210 0.205397 0.111588
17 0.377811 0.660944 0.566717 0.484979
14 0.634183 0.460300 0.224888 0.362661
1 0.659670 0.727468 0.122939 0.313305
8 0.718891 0.290773 0.034483 0.118026
8 0.769865 0.233906 0.079460 0.193133
4 0.772864 0.381974 0.145427 0.515021
19 0.780360 0.340129 0.097451 0.113734
9 0.842579 0.316524 0.098951 0.384120
2 0.829085 0.200644 0.056972 0.130901
0 0.898801 0.353004 0.016492 0.105150
15 0.893553 0.275751 0.020990 0.049356
5 0.799100 0.566524 0.122939 0.180258
11 0.865067 0.459227 0.065967 0.167382