7 0.408730 0.157113 0.300000 0.110403
5 0.221429 0.461783 0.163492 0.070064
19 0.236508 0.253715 0.092063 0.184713
16 0.875397 0.399151 0.068254 0.110403
13 0.603175 0.235669 0.558730 0.110403
10 0.646032 0.328025 0.253968 0.082803
6 0.834921 0.317410 0.123810 0.095541
8 0.206349 0.171975 0.107937 0.114650
1 0.417460 0.459660 0.171429 0.282378
4 0.211905 0.348195 0.179365 0.242038
14 0.461905 0.363057 0.361905 0.288747
17 0.692857 0.414013 0.474603 0.292994
0 0.111111 0.325902 0.085714 0.214437
2 0.149206 0.185775 0.044444 0.082803
11 0.115873 0.393843 0.066667 0.159236