15 0.904181 0.456120 0.010453 0.048499
18 0.679443 0.685912 0.505226 0.411085
20 0.443380 0.242494 0.395470 0.036952
3 0.728223 0.480370 0.369338 0.281755
15 0.894599 0.446882 0.022648 0.071594
15 0.671603 0.501155 0.064460 0.069284
15 0.597561 0.568129 0.114983 0.092379
19 0.111498 0.370670 0.055749 0.048499
14 0.107143 0.483834 0.060976 0.187067
12 0.600174 0.316397 0.378049 0.143187
11 0.409408 0.778291 0.167247 0.295612
8 0.196864 0.330254 0.125436 0.138568
9 0.294425 0.475751 0.191638 0.448037
4 0.190767 0.438799 0.155052 0.374134
5 0.232578 0.654734 0.189895 0.168591
0 0.483449 0.562356 0.360627 0.325635
1 0.114111 0.536952 0.071429 0.154734
2 0.307491 0.331409 0.141115 0.145497