6 0.140736 0.616570 0.179632 0.342967
10 0.399576 0.569364 0.270156 0.117534
17 0.386139 0.720617 0.432815 0.308285
14 0.535361 0.489403 0.451202 0.389210
13 0.389675 0.416185 0.626591 0.304432
7 0.565771 0.211946 0.387553 0.169557
20 0.678218 0.115607 0.346535 0.042389
19 0.802687 0.260116 0.111740 0.073218
4 0.806223 0.350674 0.138614 0.473988
8 0.797030 0.197495 0.091938 0.140655
9 0.878359 0.292871 0.090523 0.354528
2 0.873409 0.188825 0.055163 0.123314
0 0.932815 0.277457 0.032532 0.111753
2 0.906648 0.185934 0.033946 0.082852
1 0.642150 0.675337 0.161245 0.333333
5 0.801273 0.541426 0.165488 0.208092
11 0.898868 0.419075 0.074965 0.167630
16 0.113154 0.655106 0.113154 0.157996
19 0.403819 0.223507 0.024045 0.030829