19 0.125150 0.348429 0.038508 0.075786
10 0.055957 0.387246 0.018051 0.038817
14 0.081829 0.482440 0.084236 0.247689
13 0.090253 0.350277 0.028881 0.024030
5 0.229844 0.695933 0.228640 0.186691
8 0.214801 0.289279 0.148014 0.157116
4 0.202768 0.446396 0.191336 0.475046
2 0.402527 0.310536 0.263538 0.184843
9 0.330325 0.468577 0.217810 0.526802
1 0.084838 0.557301 0.070999 0.201479
11 0.420578 0.817006 0.121540 0.303142
15 0.888087 0.490758 0.019254 0.075786
12 0.718412 0.363216 0.296029 0.201479
18 0.675692 0.761553 0.458484 0.439926
0 0.478339 0.580407 0.326113 0.340111
3 0.759928 0.592421 0.261131 0.338262
20 0.474729 0.217190 0.528279 0.097967
3 0.688929 0.239372 0.241877 0.057301