6 0.815079 0.723112 0.217460 0.228833
6 0.828571 0.573227 0.177778 0.139588
1 0.406349 0.687643 0.101587 0.331808
11 0.141270 0.454233 0.076190 0.162471
19 0.250794 0.292906 0.104762 0.068650
13 0.627778 0.437071 0.569841 0.274600
7 0.475397 0.236842 0.369841 0.171625
20 0.342063 0.137300 0.360317 0.045767
2 0.180952 0.203661 0.073016 0.123570
2 0.141270 0.189931 0.050794 0.077803
8 0.253175 0.224256 0.109524 0.160183
4 0.249206 0.377574 0.149206 0.485126
9 0.165079 0.324943 0.111111 0.384439
14 0.407937 0.503432 0.234921 0.292906
17 0.673016 0.685355 0.514286 0.350114
10 0.580159 0.553776 0.290476 0.141876
0 0.111111 0.284897 0.038095 0.144165
16 0.855556 0.692220 0.114286 0.130435
5 0.230159 0.568650 0.187302 0.208238