9 0.336888 0.400000 0.264743 0.520000
2 0.351945 0.245833 0.207026 0.188333
2 0.496236 0.283333 0.114178 0.120000
8 0.205144 0.229167 0.144291 0.158333
8 0.136763 0.262500 0.030113 0.078333
19 0.101631 0.281667 0.047679 0.046667
1 0.090966 0.487500 0.086575 0.171667
11 0.491217 0.737500 0.212045 0.351667
3 0.812422 0.450833 0.222083 0.305000
18 0.730238 0.607500 0.444166 0.441667
15 0.658720 0.397500 0.160602 0.228333
12 0.742158 0.267500 0.304893 0.198333
20 0.486826 0.128333 0.351317 0.033333
0 0.506274 0.497500 0.324969 0.345000
4 0.186951 0.360833 0.200753 0.435000
14 0.073400 0.411667 0.074028 0.216667
16 0.887704 0.610833 0.069009 0.105000
3 0.666248 0.210833 0.228356 0.148333
15 0.902133 0.320000 0.070263 0.136667
5 0.240276 0.618333 0.269762 0.196667