7 0.483889 0.167598 0.421111 0.256983
8 0.700556 0.216015 0.196667 0.238361
9 0.870000 0.346369 0.137778 0.521415
10 0.221667 0.585661 0.110000 0.117318
10 0.263333 0.455307 0.168889 0.050279
11 0.903333 0.543762 0.097778 0.223464
13 0.288889 0.316574 0.455556 0.242086
14 0.476667 0.525140 0.257778 0.465549
17 0.220556 0.643389 0.398889 0.586592
18 0.942222 0.407821 0.055556 0.111732
19 0.698333 0.317505 0.112222 0.106145
20 0.667222 0.054935 0.363333 0.054004
4 0.705556 0.415270 0.222222 0.666667
5 0.727222 0.674115 0.336667 0.242086
6 0.071111 0.609870 0.097778 0.337058
0 0.942222 0.307263 0.048889 0.148976
1 0.447222 0.783054 0.212222 0.396648
2 0.865556 0.193669 0.100000 0.182495
15 0.965000 0.297020 0.018889 0.072626