4 0.443182 0.716080 0.144737 0.296482
14 0.332536 0.771357 0.102871 0.201005
1 0.322368 0.825377 0.061005 0.163317
17 0.282895 0.797739 0.020335 0.118090
8 0.464115 0.625628 0.088517 0.095477
10 0.284091 0.723618 0.017943 0.035176
13 0.336124 0.674623 0.102871 0.057789
20 0.592703 0.548995 0.223684 0.037688
5 0.477871 0.880653 0.202153 0.057789
12 0.761364 0.611809 0.084928 0.072864
2 0.659091 0.614322 0.081340 0.072864
9 0.556220 0.717337 0.133971 0.309045
11 0.642943 0.878141 0.104067 0.208543
18 0.755981 0.805276 0.148325 0.213568
15 0.767943 0.697236 0.086124 0.057789
16 0.810407 0.731156 0.013158 0.035176
19 0.419856 0.669598 0.033493 0.062814
0 0.670455 0.752513 0.218900 0.248744
3 0.762560 0.675879 0.120813 0.251256
2 0.598684 0.611809 0.022727 0.072864
2 0.555024 0.616834 0.078947 0.082915