14 0.402135 0.563348 0.341637 0.343891
1 0.379893 0.695701 0.161922 0.260181
10 0.597865 0.643665 0.227758 0.138009
10 0.851423 0.493213 0.051601 0.126697
6 0.761566 0.572398 0.131673 0.108597
17 0.661922 0.660633 0.487544 0.334842
7 0.376335 0.302036 0.329181 0.192308
13 0.571174 0.451357 0.576512 0.305430
19 0.193950 0.398190 0.064057 0.049774
8 0.173488 0.320136 0.104982 0.156109
4 0.169929 0.411765 0.144128 0.366516
11 0.099644 0.484163 0.074733 0.144796
2 0.097865 0.302036 0.081851 0.128959
0 0.070285 0.406109 0.072954 0.147059
20 0.287367 0.220588 0.307829 0.061086
16 0.804270 0.639140 0.103203 0.101810
18 0.044484 0.409502 0.017794 0.045249
3 0.057829 0.305430 0.023132 0.022624
5 0.211744 0.573529 0.170819 0.142534