4 0.723744 0.413102 0.187215 0.606952
8 0.734399 0.224599 0.123288 0.197861
19 0.694064 0.347594 0.115677 0.112299
14 0.526636 0.553476 0.234399 0.427807
17 0.296804 0.712567 0.389650 0.558824
10 0.363014 0.610963 0.235921 0.189840
13 0.349315 0.421123 0.439878 0.302139
1 0.522070 0.788770 0.158295 0.358289
7 0.519026 0.241979 0.356164 0.259358
5 0.751142 0.622995 0.223744 0.224599
9 0.850076 0.342246 0.114155 0.465241
15 0.943683 0.244652 0.015221 0.050802
0 0.894977 0.366310 0.100457 0.326203
18 0.933790 0.393048 0.019787 0.122995
11 0.883562 0.475936 0.077626 0.203209
8 0.841705 0.193850 0.076104 0.152406
20 0.641553 0.104278 0.305936 0.074866
6 0.213090 0.708556 0.115677 0.074866