3 0.758838 0.302698 0.356061 0.497470
15 0.654040 0.436762 0.199495 0.168634
20 0.507576 0.067454 0.247475 0.020236
5 0.267677 0.569140 0.267677 0.183811
0 0.547348 0.459528 0.321970 0.318718
19 0.113005 0.250422 0.071970 0.062395
8 0.210859 0.196459 0.121212 0.170320
1 0.116162 0.449410 0.093434 0.170320
4 0.203283 0.314503 0.189394 0.477234
14 0.093434 0.373524 0.085859 0.231029
2 0.352904 0.196459 0.160354 0.187184
2 0.448864 0.199831 0.082071 0.180438
11 0.520833 0.713322 0.213384 0.320405
9 0.387626 0.338111 0.313131 0.548061
18 0.743056 0.587690 0.405303 0.392917