20 0.316644 0.128995 0.362652 0.075342
11 0.125169 0.523973 0.090663 0.198630
2 0.135995 0.213470 0.036536 0.098174
2 0.184032 0.230594 0.073072 0.155251
9 0.164411 0.365297 0.123139 0.438356
15 0.077808 0.280822 0.014885 0.045662
0 0.102165 0.363014 0.069012 0.260274
8 0.294993 0.250000 0.129905 0.194064
8 0.388363 0.355023 0.059540 0.134703
19 0.322733 0.340183 0.074425 0.073059
4 0.304465 0.424658 0.186739 0.552511
1 0.501353 0.734018 0.152909 0.308219
14 0.508119 0.512557 0.242219 0.404110
7 0.500677 0.245434 0.346414 0.262557
10 0.703654 0.581050 0.213802 0.152968
17 0.721245 0.681507 0.370771 0.426941
6 0.877537 0.606164 0.101488 0.125571
5 0.291610 0.641553 0.253045 0.187215
13 0.665765 0.392694 0.416779 0.287671