1 0.828743 0.650844 0.160479 0.259494
11 0.172455 0.672996 0.167665 0.274262
19 0.641916 0.383966 0.045509 0.092827
4 0.573054 0.453586 0.295808 0.481013
5 0.504192 0.706751 0.476647 0.046414
14 0.834731 0.524262 0.277844 0.339662
20 0.363473 0.221519 0.422754 0.063291
13 0.832335 0.410338 0.256287 0.107595
8 0.556886 0.309072 0.292216 0.179325
17 0.937725 0.611814 0.081437 0.202532
10 0.947904 0.517932 0.061078 0.069620
12 0.111377 0.298523 0.083832 0.107595
9 0.316766 0.450422 0.276647 0.474684
18 0.067066 0.578059 0.095808 0.261603
15 0.059281 0.416667 0.049102 0.078059
3 0.114371 0.299578 0.128144 0.164557
0 0.169461 0.522152 0.228743 0.331224
2 0.225150 0.298523 0.074251 0.111814
2 0.338922 0.293249 0.138922 0.130802
8 0.540120 0.306962 0.194012 0.154008