18 0.042759 0.294956 0.027586 0.146930
11 0.090345 0.430921 0.095172 0.217105
2 0.146897 0.152412 0.081379 0.125000
14 0.521379 0.506579 0.339310 0.416667
17 0.762069 0.700658 0.412414 0.528509
4 0.245517 0.376096 0.226207 0.572368
1 0.518621 0.764254 0.201379 0.366228
6 0.915172 0.594298 0.095172 0.188596
10 0.720690 0.637061 0.238621 0.120614
13 0.662759 0.400219 0.550345 0.339912
19 0.281379 0.271930 0.110345 0.087719
0 0.105517 0.319079 0.122759 0.291667
5 0.262069 0.600877 0.303448 0.307018
20 0.337241 0.080044 0.335172 0.063596
20 0.324828 0.049342 0.161379 0.010965
20 0.437241 0.062500 0.082759 0.032895
7 0.473793 0.202851 0.340690 0.203947
8 0.262069 0.190789 0.160000 0.201754
15 0.040000 0.223684 0.011034 0.070175