16 0.076633 0.665552 0.070352 0.157191
11 0.905779 0.479933 0.085427 0.160535
14 0.466709 0.535953 0.350503 0.332776
0 0.927764 0.373746 0.084171 0.262542
20 0.701633 0.126254 0.453518 0.055184
5 0.745603 0.609532 0.282663 0.215719
9 0.874372 0.342809 0.133166 0.421405
2 0.918342 0.205686 0.047739 0.107023
4 0.729271 0.413880 0.222362 0.553512
8 0.744347 0.257525 0.144472 0.227425
7 0.507538 0.255853 0.391960 0.254181
19 0.694095 0.341973 0.136935 0.115385
13 0.326005 0.437291 0.491206 0.336120
17 0.260678 0.670569 0.445980 0.438127
10 0.088568 0.425585 0.031407 0.071906
10 0.190955 0.621237 0.042714 0.071906
10 0.278266 0.621237 0.091709 0.135452
6 0.116206 0.556020 0.104271 0.178930
1 0.500628 0.758361 0.182161 0.289298
2 0.864322 0.222408 0.097990 0.153846