7 0.561082 0.245940 0.385689 0.167053
20 0.660558 0.155452 0.280977 0.032483
13 0.381326 0.410673 0.577661 0.278422
16 0.123037 0.669374 0.075044 0.146172
10 0.427574 0.554524 0.268761 0.134571
6 0.185864 0.538283 0.218150 0.171694
17 0.318499 0.676334 0.521815 0.373550
14 0.622164 0.477958 0.242583 0.361949
1 0.630890 0.692575 0.172775 0.317865
19 0.789703 0.309745 0.127400 0.095128
8 0.794066 0.250580 0.094241 0.167053
4 0.794066 0.396752 0.143106 0.473318
5 0.807155 0.560325 0.186736 0.206497
11 0.908377 0.458237 0.054101 0.160093
2 0.863874 0.227378 0.076789 0.129930
9 0.879581 0.343387 0.111693 0.366589
0 0.931065 0.348028 0.043630 0.222738