3 0.590035 0.372796 0.529720 0.609572
12 0.576923 0.217884 0.461538 0.249370
15 0.455420 0.539043 0.134615 0.267003
15 0.854021 0.369018 0.029720 0.214106
20 0.427448 0.064232 0.414336 0.123426
0 0.364510 0.469773 0.239510 0.360202
8 0.166958 0.157431 0.050699 0.133501
4 0.168706 0.250630 0.078671 0.420655
1 0.144231 0.323678 0.054196 0.163728
14 0.121503 0.195214 0.022727 0.098237
2 0.236014 0.186398 0.083916 0.246851
2 0.315559 0.234257 0.068182 0.181360
11 0.328671 0.693955 0.118881 0.284635
9 0.232517 0.317380 0.111888 0.549118
18 0.591783 0.668766 0.578671 0.445844
5 0.165210 0.387909 0.036713 0.090680
17 0.111014 0.243073 0.012238 0.068010