7 0.506563 0.268612 0.337709 0.239437
8 0.680788 0.289738 0.194511 0.257545
2 0.877088 0.232394 0.038186 0.110664
19 0.667064 0.379276 0.093079 0.074447
1 0.491647 0.794769 0.176611 0.338028
11 0.884845 0.559356 0.084726 0.197183
15 0.932578 0.334004 0.013126 0.088531
20 0.657518 0.145875 0.312649 0.054326
13 0.327566 0.452716 0.423628 0.297787
6 0.158711 0.564386 0.114558 0.158954
10 0.294749 0.627767 0.181384 0.104628
17 0.262530 0.726358 0.338902 0.358149
4 0.691527 0.455734 0.220764 0.601610
9 0.843079 0.385312 0.125298 0.472837
0 0.897971 0.411469 0.075179 0.327968
14 0.468974 0.558350 0.286396 0.416499
2 0.826372 0.243461 0.087112 0.160966
5 0.724940 0.685111 0.280430 0.219316
18 0.937351 0.455734 0.010740 0.102616