1 0.376972 0.686071 0.097792 0.282744
10 0.504732 0.584200 0.205047 0.166320
10 0.869874 0.467775 0.029968 0.103950
17 0.650631 0.634096 0.506309 0.453222
13 0.593060 0.441788 0.523659 0.288981
7 0.469243 0.260915 0.348580 0.172557
19 0.628549 0.253638 0.029968 0.024948
19 0.253943 0.322245 0.082019 0.062370
14 0.413249 0.488565 0.249211 0.307692
20 0.396688 0.173597 0.260252 0.043659
11 0.177445 0.408524 0.029968 0.118503
4 0.246845 0.373181 0.099369 0.380457
2 0.227918 0.233888 0.061514 0.101871
8 0.251577 0.244283 0.064669 0.126819
0 0.187697 0.336798 0.063091 0.212058
5 0.259464 0.535343 0.130915 0.193347
6 0.748423 0.593555 0.231861 0.155925
14 0.835962 0.403326 0.018927 0.024948