1 0.438673 0.710669 0.156446 0.289331
10 0.645807 0.616637 0.207760 0.126582
16 0.864205 0.683544 0.083855 0.159132
6 0.816020 0.575045 0.167710 0.166365
13 0.646433 0.453888 0.479349 0.311031
7 0.491239 0.267631 0.369212 0.227848
14 0.469962 0.525316 0.234043 0.323689
17 0.693992 0.717902 0.444305 0.394213
19 0.281602 0.359855 0.082603 0.065099
4 0.276596 0.416817 0.167710 0.515371
9 0.179599 0.332731 0.101377 0.358047
11 0.148310 0.462929 0.061327 0.162749
0 0.121402 0.340868 0.025031 0.189873
5 0.264706 0.594033 0.176471 0.171790
20 0.341051 0.153707 0.374218 0.065099
10 0.882979 0.477396 0.021277 0.057866
2 0.160826 0.217902 0.028786 0.103074
2 0.194618 0.234177 0.063830 0.146474
8 0.275344 0.262206 0.100125 0.188065