20 0.403090 0.216891 0.362360 0.049904
19 0.644663 0.358925 0.050562 0.080614
1 0.806882 0.610365 0.167135 0.195777
14 0.816011 0.519194 0.241573 0.205374
17 0.933989 0.564299 0.075843 0.157390
10 0.936096 0.465451 0.066011 0.067179
13 0.833567 0.379079 0.257022 0.094050
7 0.656601 0.291747 0.158708 0.149712
8 0.509831 0.293666 0.278090 0.145873
4 0.533006 0.416507 0.366573 0.406910
2 0.267556 0.280230 0.192416 0.119002
0 0.228933 0.472169 0.370787 0.280230
15 0.051264 0.415547 0.035112 0.078695
18 0.054073 0.530710 0.066011 0.155470
5 0.483848 0.624760 0.464888 0.024952
11 0.160112 0.608445 0.168539 0.203455