6 0.868980 0.539526 0.128895 0.118577
6 0.951133 0.483202 0.029745 0.100791
16 0.922805 0.621542 0.083569 0.132411
17 0.722380 0.663043 0.490085 0.345850
1 0.466006 0.656126 0.181303 0.332016
13 0.645184 0.373518 0.633144 0.296443
10 0.674221 0.545455 0.263456 0.102767
14 0.466714 0.434783 0.355524 0.383399
7 0.438385 0.178854 0.347025 0.167984
19 0.228754 0.263834 0.123229 0.128458
8 0.196884 0.170949 0.133144 0.140316
2 0.111190 0.164032 0.069405 0.114625
5 0.216006 0.551383 0.290368 0.237154
11 0.059490 0.403162 0.076487 0.173913
4 0.202550 0.338933 0.215297 0.503953
0 0.065156 0.331028 0.124646 0.274704
3 0.035411 0.200593 0.048159 0.037549
15 0.007790 0.237154 0.009915 0.031621
20 0.300283 0.087945 0.356941 0.041502