9 0.171875 0.359341 0.081250 0.340659
11 0.162500 0.505495 0.065625 0.167033
2 0.181250 0.251648 0.050000 0.112088
14 0.346094 0.484615 0.176563 0.274725
17 0.627344 0.663736 0.514062 0.312088
4 0.228906 0.400000 0.107813 0.435165
1 0.358594 0.725275 0.142187 0.334066
8 0.232813 0.257143 0.065625 0.127473
10 0.517188 0.529670 0.262500 0.167033
10 0.850000 0.472527 0.043750 0.118681
13 0.575781 0.414286 0.532813 0.200000
16 0.787500 0.682418 0.131250 0.112088
19 0.238281 0.310989 0.060937 0.072527
0 0.135156 0.334066 0.023438 0.101099
5 0.213281 0.564835 0.123438 0.158242
20 0.370312 0.173626 0.271875 0.021978
7 0.453906 0.250549 0.373437 0.145055
17 0.571094 0.692308 0.604688 0.391209
6 0.706250 0.542857 0.259375 0.153846