17 0.301887 0.682274 0.550943 0.377926
6 0.151572 0.739967 0.227673 0.172241
6 0.141509 0.553512 0.189937 0.110368
13 0.335849 0.440635 0.578616 0.255853
10 0.387421 0.551839 0.284277 0.143813
14 0.598113 0.542642 0.242767 0.329431
4 0.784277 0.403010 0.172327 0.518395
8 0.774843 0.244983 0.120755 0.182274
19 0.769182 0.324415 0.089308 0.073579
1 0.589937 0.735786 0.173585 0.327759
11 0.922642 0.494147 0.076730 0.175585
7 0.516352 0.256689 0.433962 0.212375
20 0.668553 0.138796 0.378616 0.036789
5 0.812579 0.599498 0.203774 0.178930
9 0.879245 0.350334 0.128302 0.413043
2 0.867925 0.226589 0.088050 0.145485
2 0.920755 0.215719 0.070440 0.117057
0 0.940881 0.388796 0.075472 0.255853
16 0.112579 0.683110 0.127044 0.128763