19 0.346676 0.361224 0.066486 0.065306
8 0.320896 0.278571 0.112619 0.169388
1 0.507463 0.748980 0.168250 0.314286
4 0.329037 0.413265 0.175034 0.479592
6 0.814790 0.580612 0.126187 0.218367
17 0.736092 0.700000 0.332429 0.338776
14 0.588195 0.533673 0.378562 0.357143
13 0.664858 0.419388 0.417910 0.206122
7 0.510176 0.278571 0.314790 0.189796
20 0.369064 0.172449 0.314790 0.051020
16 0.856852 0.662245 0.061058 0.124490
10 0.711669 0.575510 0.107191 0.114286
10 0.874491 0.484694 0.014925 0.104082
2 0.219810 0.263265 0.078697 0.151020
9 0.214383 0.355102 0.119403 0.375510
11 0.147218 0.515306 0.069199 0.185714
5 0.293758 0.598980 0.251018 0.234694
2 0.160787 0.234694 0.052917 0.102041
0 0.138399 0.382653 0.084125 0.206122