15 0.356336 0.522500 0.210790 0.165000
11 0.479297 0.784167 0.200753 0.338333
18 0.245295 0.683333 0.447930 0.380000
3 0.216437 0.491667 0.337516 0.260000
12 0.281054 0.311667 0.361355 0.200000
0 0.496863 0.555000 0.238394 0.326667
5 0.728356 0.672500 0.282309 0.185000
9 0.624216 0.446667 0.252196 0.516667
2 0.614178 0.297500 0.181932 0.175000
8 0.751568 0.293333 0.163112 0.176667
4 0.777290 0.420000 0.222083 0.456667
19 0.864492 0.374167 0.042660 0.078333
1 0.892095 0.549167 0.092848 0.185000
10 0.927854 0.384167 0.021330 0.031667
14 0.907779 0.467500 0.086575 0.231667
20 0.508783 0.190833 0.430364 0.055000
16 0.129235 0.528333 0.117942 0.100000
3 0.336888 0.217500 0.259724 0.068333
8 0.831870 0.334167 0.035132 0.091667