6 0.265324 0.632319 0.267951 0.238876
1 0.676007 0.730679 0.087566 0.295082
8 0.759194 0.281030 0.040280 0.149883
19 0.778459 0.359485 0.068301 0.067916
7 0.523643 0.295082 0.395797 0.206089
10 0.542907 0.620609 0.224168 0.192037
17 0.386165 0.710773 0.586690 0.451991
13 0.416813 0.466042 0.584939 0.313817
2 0.781961 0.265808 0.029772 0.105386
2 0.797723 0.270492 0.012259 0.049180
11 0.798599 0.471897 0.038529 0.128806
14 0.683012 0.548009 0.112084 0.285714
4 0.765324 0.422717 0.098074 0.447307
9 0.788967 0.337237 0.054291 0.276347
20 0.598949 0.190867 0.283713 0.053864
5 0.760946 0.564403 0.082312 0.206089
0 0.815236 0.346604 0.019264 0.121780