4 0.738663 0.365446 0.226730 0.514331
19 0.710621 0.300955 0.156325 0.098726
5 0.765513 0.545382 0.273270 0.275478
7 0.534010 0.214172 0.383055 0.202229
10 0.286993 0.584395 0.249403 0.140127
17 0.244033 0.628185 0.430788 0.425159
13 0.319212 0.407643 0.531026 0.328025
8 0.756563 0.205414 0.126492 0.168790
2 0.870525 0.181529 0.099045 0.124204
9 0.877685 0.300159 0.120525 0.383758
14 0.519690 0.461783 0.282816 0.382166
0 0.931384 0.299363 0.068019 0.213376
15 0.963604 0.226911 0.008353 0.046178
20 0.717184 0.110669 0.389021 0.049363
11 0.916468 0.414809 0.064439 0.144904
1 0.507160 0.682325 0.195704 0.310510
6 0.073986 0.593153 0.050119 0.109873