11 0.080952 0.512658 0.069841 0.160338
0 0.054762 0.436709 0.046032 0.168776
9 0.130159 0.408228 0.133333 0.364979
2 0.137302 0.295359 0.103175 0.113924
14 0.449206 0.521097 0.279365 0.337553
4 0.240476 0.444093 0.179365 0.436709
8 0.242857 0.297468 0.117460 0.126582
19 0.253968 0.399789 0.104762 0.120253
1 0.480952 0.682489 0.212698 0.327004
20 0.345238 0.219409 0.261905 0.021097
7 0.446032 0.291139 0.346032 0.139241
13 0.646032 0.416667 0.596825 0.183544
6 0.883333 0.524262 0.185714 0.217300
10 0.692063 0.548523 0.266667 0.147679
17 0.740476 0.678270 0.493651 0.343882
5 0.245238 0.641350 0.284127 0.185654