11 0.843525 0.494703 0.082734 0.197034
9 0.790168 0.335805 0.127098 0.447034
2 0.782974 0.197034 0.083933 0.144068
2 0.827938 0.175847 0.029976 0.101695
0 0.860911 0.349576 0.074341 0.266949
5 0.703837 0.601695 0.247002 0.228814
4 0.667266 0.388771 0.178657 0.565678
8 0.655875 0.228814 0.122302 0.194915
7 0.475420 0.205508 0.315348 0.199153
1 0.483213 0.731992 0.170264 0.353814
14 0.480216 0.471398 0.226619 0.375000
20 0.651679 0.081568 0.327338 0.065678
10 0.329736 0.481992 0.175060 0.192797
6 0.166067 0.528602 0.094724 0.137712
16 0.139688 0.633475 0.056355 0.122881
13 0.293765 0.351695 0.345324 0.156780
17 0.271583 0.663136 0.324940 0.394068