1 0.462740 0.662706 0.129808 0.297989
11 0.212740 0.369287 0.048077 0.146252
5 0.296875 0.483547 0.156250 0.213894
8 0.327524 0.202011 0.063702 0.155393
19 0.319712 0.277879 0.074519 0.076782
14 0.502404 0.461609 0.269231 0.297989
10 0.650240 0.578611 0.228365 0.126143
13 0.665865 0.393053 0.521635 0.321755
6 0.828125 0.542048 0.218750 0.210238
16 0.875601 0.657221 0.092548 0.137112
17 0.717548 0.676417 0.449519 0.321755
7 0.516827 0.191042 0.326923 0.191956
20 0.390024 0.091408 0.354567 0.062157
9 0.243389 0.255941 0.090144 0.321755
2 0.256010 0.165448 0.057692 0.111517
2 0.214543 0.147166 0.034856 0.082267
0 0.195913 0.231261 0.033654 0.155393
4 0.320913 0.329982 0.127404 0.462523