19 0.692584 0.291531 0.110048 0.091205
7 0.475478 0.214169 0.388756 0.223127
13 0.263756 0.385993 0.441388 0.247557
8 0.719498 0.197068 0.120813 0.162866
8 0.617823 0.272801 0.058612 0.138436
4 0.702751 0.385993 0.235646 0.576547
2 0.851077 0.179967 0.104067 0.144951
9 0.858852 0.312704 0.155502 0.433225
14 0.456340 0.521173 0.309809 0.400651
0 0.938397 0.289902 0.063397 0.208469
20 0.686603 0.104235 0.444976 0.071661
1 0.468301 0.758143 0.223684 0.320847
11 0.922847 0.442182 0.072967 0.177524
10 0.211124 0.514658 0.183014 0.074919
6 0.033493 0.609935 0.023923 0.070033
5 0.746411 0.570033 0.282297 0.234528
17 0.202751 0.672638 0.383971 0.475570
15 0.961124 0.240228 0.017943 0.053746
2 0.900718 0.168567 0.019139 0.073290