14 0.496025 0.484973 0.146264 0.308743
1 0.488076 0.703552 0.108108 0.232240
10 0.397456 0.508197 0.120827 0.158470
13 0.370429 0.400273 0.263911 0.122951
6 0.264706 0.602459 0.112878 0.183060
10 0.216216 0.468579 0.019078 0.079235
17 0.333863 0.586066 0.276630 0.379781
7 0.460254 0.290984 0.265501 0.172131
20 0.548490 0.189891 0.222576 0.030055
19 0.596979 0.360656 0.068362 0.065574
8 0.617647 0.284153 0.096979 0.153005
4 0.613672 0.408470 0.139905 0.439891
2 0.693164 0.265027 0.060413 0.125683
9 0.702703 0.366120 0.101749 0.355191
5 0.639110 0.590164 0.174881 0.163934
15 0.760731 0.312842 0.014308 0.079235
0 0.748013 0.379781 0.052464 0.256831
11 0.738474 0.505464 0.055644 0.142077
16 0.253577 0.592896 0.077901 0.065574