10 0.644571 0.616221 0.256313 0.195652
10 0.888889 0.458194 0.083333 0.167224
6 0.836490 0.596154 0.170455 0.205686
13 0.643308 0.455686 0.526515 0.329431
14 0.445076 0.521739 0.261364 0.381271
7 0.467172 0.252508 0.409091 0.254181
5 0.215909 0.570234 0.209596 0.217391
19 0.257576 0.342809 0.098485 0.076923
8 0.231692 0.232441 0.104798 0.200669
1 0.441288 0.766722 0.165404 0.302676
20 0.340909 0.109532 0.373737 0.058528
2 0.126263 0.199833 0.083333 0.165552
0 0.078283 0.340301 0.070707 0.242475
11 0.095960 0.448161 0.070707 0.150502
16 0.830177 0.698161 0.099747 0.148829
19 0.660354 0.257525 0.027778 0.033445
4 0.243687 0.377926 0.179293 0.565217
17 0.719066 0.697324 0.445707 0.474916
9 0.128788 0.306856 0.113636 0.426421