14 0.519048 0.523158 0.393651 0.271579
5 0.288889 0.623158 0.250794 0.155789
8 0.234921 0.316842 0.120635 0.111579
2 0.158730 0.318947 0.028571 0.069474
4 0.252381 0.434737 0.206349 0.376842
11 0.130952 0.515789 0.093651 0.172632
1 0.514286 0.672632 0.206349 0.313684
10 0.721429 0.563158 0.153968 0.103158
13 0.653175 0.426316 0.553968 0.200000
16 0.926984 0.610526 0.038095 0.092632
17 0.755556 0.629474 0.387302 0.341053
7 0.445238 0.312632 0.306349 0.149474
0 0.119048 0.447368 0.126984 0.225263
18 0.072222 0.450526 0.026984 0.096842
20 0.325397 0.236842 0.317460 0.035789
3 0.100000 0.329474 0.038095 0.014737
6 0.844444 0.530526 0.060317 0.075789
6 0.895238 0.495789 0.022222 0.040000