1 0.462937 0.685819 0.159441 0.330073
11 0.774126 0.495110 0.082517 0.202934
19 0.617483 0.290954 0.071329 0.097800
8 0.624476 0.222494 0.096503 0.161369
2 0.711189 0.201711 0.071329 0.124694
2 0.752448 0.194377 0.027972 0.080685
7 0.462937 0.227384 0.260140 0.171149
4 0.626573 0.371638 0.145455 0.484108
9 0.727972 0.330073 0.130070 0.400978
15 0.816084 0.259169 0.012587 0.029340
0 0.798601 0.299511 0.053147 0.139364
20 0.604895 0.140587 0.334266 0.061125
10 0.286713 0.513447 0.195804 0.102689
16 0.132867 0.679707 0.067133 0.097800
6 0.148252 0.551345 0.095105 0.154034
13 0.302797 0.392421 0.390210 0.183374
14 0.439860 0.459658 0.250350 0.322738
18 0.790909 0.425428 0.074126 0.185819
17 0.327972 0.627139 0.474126 0.383863
5 0.660839 0.568460 0.191608 0.154034