20 0.532006 0.125523 0.506401 0.041841
12 0.771693 0.296025 0.314367 0.265690
3 0.734708 0.147490 0.237553 0.052301
3 0.817923 0.576360 0.247511 0.403766
18 0.738265 0.730126 0.432432 0.368201
15 0.652205 0.537657 0.143670 0.230126
15 0.941679 0.476987 0.008535 0.150628
0 0.512802 0.560669 0.260313 0.364017
5 0.254623 0.698745 0.270270 0.188285
11 0.472973 0.821130 0.166430 0.341004
2 0.505690 0.280335 0.146515 0.234310
2 0.354196 0.264644 0.173542 0.215481
8 0.216927 0.257322 0.129445 0.192469
8 0.147937 0.279289 0.025605 0.064854
19 0.126600 0.321130 0.056899 0.064854
1 0.097440 0.578452 0.089616 0.219665
14 0.089616 0.469665 0.093883 0.269874
4 0.203414 0.410042 0.187767 0.543933
9 0.340683 0.443515 0.226174 0.623431