15 0.684524 0.572089 0.111905 0.120148
15 0.902381 0.515712 0.019048 0.081331
18 0.726190 0.729205 0.404762 0.341959
3 0.768452 0.537893 0.286905 0.303142
12 0.655357 0.341035 0.313095 0.160813
20 0.514881 0.244917 0.332143 0.060998
19 0.191667 0.389094 0.050000 0.060998
8 0.279167 0.344732 0.125000 0.157116
2 0.385119 0.350277 0.127381 0.171904
2 0.458929 0.374307 0.079762 0.149723
9 0.391071 0.492606 0.229762 0.482440
4 0.255952 0.475970 0.197619 0.445471
11 0.482143 0.795749 0.154762 0.327172
1 0.127976 0.591497 0.084524 0.210721
5 0.276786 0.731054 0.260714 0.205176
13 0.138690 0.408503 0.067857 0.033272
14 0.129167 0.525878 0.108333 0.227357
0 0.556548 0.584104 0.339286 0.354898
15 0.760714 0.581331 0.059524 0.086876