6 0.197023 0.549180 0.148862 0.138173
10 0.415937 0.475410 0.208406 0.121780
13 0.387040 0.374707 0.451839 0.135831
10 0.144483 0.396956 0.033275 0.063232
17 0.331874 0.559719 0.443082 0.374707
7 0.507881 0.283372 0.329247 0.121780
19 0.694396 0.353630 0.082312 0.060890
8 0.704028 0.295082 0.077058 0.103044
1 0.566550 0.629977 0.117338 0.252927
14 0.577933 0.481265 0.164623 0.292740
4 0.707531 0.423888 0.112084 0.379391
2 0.770578 0.296253 0.059545 0.096019
9 0.775832 0.392272 0.087566 0.311475
11 0.796848 0.501171 0.070053 0.126464
0 0.824869 0.391101 0.035026 0.145199
5 0.710158 0.578454 0.159370 0.121780
20 0.621716 0.241218 0.325744 0.065574