8 0.260652 0.331667 0.105263 0.133333
4 0.246241 0.427500 0.159148 0.345000
1 0.142857 0.505000 0.060150 0.143333
10 0.112782 0.415833 0.010025 0.048333
13 0.142857 0.378333 0.047619 0.020000
20 0.465539 0.248333 0.399749 0.026667
5 0.259398 0.602500 0.200501 0.165000
14 0.140977 0.456667 0.063910 0.140000
12 0.644737 0.344167 0.324561 0.165000
2 0.345865 0.336667 0.105263 0.146667
9 0.351504 0.452500 0.181704 0.395000
2 0.402882 0.360833 0.053885 0.118333
11 0.451754 0.708333 0.136591 0.243333
3 0.760652 0.515833 0.370927 0.275000
15 0.711153 0.562500 0.136591 0.175000
15 0.937343 0.476667 0.025063 0.110000
18 0.711153 0.693333 0.487469 0.293333
19 0.179198 0.367500 0.037594 0.041667
0 0.572055 0.555833 0.432331 0.278333
0 0.931078 0.541667 0.022556 0.040000