7 0.511024 0.246347 0.395276 0.192067
13 0.632283 0.426931 0.533858 0.231733
17 0.677165 0.724426 0.485039 0.329854
6 0.770866 0.599165 0.278740 0.208768
10 0.506299 0.521921 0.253543 0.204593
14 0.373228 0.551148 0.135433 0.496868
1 0.380315 0.716075 0.121260 0.313152
8 0.277165 0.222338 0.069291 0.152401
19 0.267717 0.305846 0.078740 0.073069
5 0.248819 0.508351 0.135433 0.269311
9 0.222047 0.281837 0.078740 0.300626
2 0.229134 0.204593 0.048819 0.125261
2 0.207874 0.184760 0.025197 0.073069
0 0.180315 0.293319 0.036220 0.177453
11 0.198425 0.443633 0.059843 0.160752
20 0.388189 0.139875 0.373228 0.058455
4 0.277165 0.351775 0.097638 0.432150