16 0.927764 0.599498 0.048995 0.132107
0 0.082915 0.321906 0.050251 0.209030
14 0.548995 0.488294 0.311558 0.334448
13 0.698492 0.410535 0.467337 0.262542
6 0.886307 0.516722 0.106784 0.147157
17 0.753769 0.644649 0.402010 0.332776
10 0.747487 0.568562 0.221106 0.113712
11 0.118719 0.463211 0.089196 0.160535
1 0.526382 0.698161 0.185930 0.269231
5 0.282035 0.581940 0.285176 0.193980
8 0.292085 0.252508 0.139447 0.200669
9 0.156407 0.337793 0.121859 0.394649
4 0.300251 0.394649 0.203518 0.501672
2 0.169598 0.219064 0.087940 0.137124
20 0.324749 0.137124 0.413317 0.050167
19 0.338568 0.318562 0.109296 0.108696
7 0.511307 0.244147 0.364322 0.200669
2 0.118719 0.199833 0.031407 0.078595