7 0.522868 0.183190 0.398022 0.280172
20 0.695921 0.042026 0.427689 0.071121
4 0.760198 0.406250 0.158220 0.700431
9 0.860939 0.342672 0.124845 0.573276
2 0.849815 0.164871 0.082818 0.187500
2 0.905439 0.147629 0.070457 0.140086
8 0.750309 0.189655 0.123609 0.245690
14 0.601360 0.572198 0.186650 0.394397
17 0.337454 0.738147 0.474660 0.420259
1 0.585909 0.795259 0.155748 0.396552
11 0.917800 0.521552 0.082818 0.258621
13 0.383189 0.384698 0.514215 0.282328
10 0.423362 0.576509 0.213844 0.191810
6 0.212608 0.591595 0.202719 0.122845
19 0.735476 0.301724 0.096415 0.112069
5 0.780593 0.686422 0.245983 0.269397
0 0.934487 0.368534 0.084054 0.387931
19 0.351051 0.192888 0.029666 0.049569