16 0.143994 0.705827 0.125904 0.156015
0 0.939219 0.313910 0.040521 0.191729
20 0.652677 0.118421 0.457308 0.052632
14 0.583936 0.522556 0.189580 0.390977
11 0.905933 0.488722 0.078148 0.176692
5 0.774964 0.626880 0.238784 0.246241
9 0.879161 0.336466 0.134588 0.443609
4 0.754703 0.406955 0.198263 0.584586
8 0.754703 0.255639 0.140376 0.233083
2 0.861795 0.209586 0.088278 0.152256
19 0.725760 0.328947 0.134588 0.150376
7 0.471056 0.254699 0.458755 0.246241
13 0.315485 0.449248 0.503618 0.304511
17 0.298842 0.705827 0.513748 0.464286
6 0.176556 0.545113 0.196816 0.169173
1 0.564399 0.790414 0.162084 0.310150
10 0.413893 0.546053 0.272069 0.152256