7 0.464511 0.268085 0.323344 0.165957
20 0.373028 0.178723 0.276025 0.038298
0 0.186120 0.351064 0.056782 0.208511
19 0.597792 0.262766 0.022082 0.027660
19 0.272082 0.330851 0.077287 0.074468
13 0.621451 0.419149 0.479495 0.234043
10 0.589117 0.559574 0.206625 0.076596
10 0.858833 0.472340 0.033123 0.072340
6 0.770505 0.525532 0.146688 0.110638
8 0.259464 0.265957 0.093060 0.136170
1 0.402208 0.609574 0.116719 0.236170
4 0.260252 0.392553 0.126183 0.393617
14 0.444006 0.473404 0.276025 0.261702
14 0.745268 0.362766 0.228707 0.125532
11 0.194795 0.423404 0.052050 0.136170
17 0.666404 0.619149 0.477918 0.297872
3 0.194795 0.234043 0.045741 0.038298