2 0.498764 0.216433 0.414091 0.280561
8 0.226823 0.176353 0.169345 0.196393
9 0.393696 0.377756 0.297899 0.611222
4 0.204574 0.338677 0.226205 0.541082
19 0.103832 0.230461 0.044499 0.060120
11 0.520396 0.779559 0.197775 0.356713
1 0.076638 0.470942 0.088999 0.212425
20 0.516687 0.063126 0.533993 0.082164
3 0.828183 0.401804 0.296663 0.607214
18 0.767614 0.730461 0.393078 0.322645
15 0.800989 0.548096 0.148331 0.178357
0 0.619283 0.521042 0.484549 0.364729
5 0.255871 0.623246 0.316440 0.236473
14 0.063659 0.380762 0.087763 0.260521
13 0.059333 0.253507 0.051916 0.034068
12 0.848578 0.266533 0.233622 0.256513