8 0.016917 0.158598 0.031328 0.076795
7 0.236842 0.099332 0.468672 0.195326
4 0.036341 0.329716 0.072682 0.452421
1 0.234962 0.631052 0.204261 0.340568
14 0.226817 0.489983 0.413534 0.572621
17 0.523810 0.638564 0.390977 0.315526
10 0.526316 0.551753 0.278195 0.128548
10 0.819549 0.294658 0.022556 0.055092
6 0.750627 0.484140 0.160401 0.367279
16 0.774436 0.523372 0.087719 0.191987
13 0.441729 0.285476 0.735589 0.427379
14 0.695489 0.186144 0.235589 0.168614
19 0.432331 0.017529 0.030075 0.031720