18 0.954986 0.734501 0.026316 0.067385
9 0.700831 0.458221 0.313019 0.636119
11 0.837950 0.785714 0.177285 0.299191
2 0.798476 0.289757 0.056787 0.185984
14 0.158587 0.563342 0.250693 0.393531
17 0.046399 0.692722 0.087258 0.247978
4 0.421053 0.456873 0.329640 0.638814
1 0.184211 0.761456 0.166205 0.304582
8 0.441136 0.311321 0.234072 0.245283
13 0.148892 0.386792 0.250693 0.175202
19 0.299861 0.400270 0.042936 0.083558
0 0.843490 0.557951 0.293629 0.425876
5 0.509003 0.778976 0.477839 0.037736
20 0.647507 0.150943 0.441828 0.070081
15 0.960526 0.473046 0.056787 0.126685
7 0.334488 0.268194 0.189751 0.218329
2 0.681440 0.293801 0.180055 0.221024
2 0.883657 0.316712 0.080332 0.137466
10 0.034626 0.530997 0.041551 0.091644