2 0.366627 0.225962 0.190191 0.173077
8 0.171053 0.229968 0.114833 0.171474
4 0.174043 0.368590 0.135167 0.467949
9 0.360646 0.409455 0.281100 0.556090
14 0.070574 0.406250 0.081340 0.238782
12 0.779904 0.236378 0.311005 0.190705
15 0.702751 0.477564 0.202153 0.137821
3 0.781699 0.334936 0.367225 0.506410
0 0.563995 0.494391 0.393541 0.427885
1 0.082536 0.487981 0.074163 0.171474
11 0.537679 0.798878 0.245215 0.354167
5 0.306220 0.677083 0.200957 0.171474
20 0.428230 0.109776 0.449761 0.072115
16 0.927632 0.605769 0.053828 0.137821
18 0.771531 0.659455 0.406699 0.498397
13 0.069976 0.297276 0.037081 0.036859
15 0.830144 0.471154 0.122010 0.131410