12 0.712235 0.343284 0.318352 0.195688
3 0.762797 0.532338 0.259675 0.308458
20 0.472534 0.236318 0.575531 0.074627
15 0.627341 0.525705 0.178527 0.119403
15 0.895131 0.430348 0.012484 0.058043
18 0.675406 0.660862 0.466916 0.359867
0 0.480649 0.548093 0.344569 0.306799
2 0.318352 0.314262 0.169788 0.150912
8 0.194757 0.300995 0.134831 0.121061
9 0.301498 0.446103 0.203496 0.417910
4 0.189139 0.415423 0.158552 0.363184
19 0.107990 0.347430 0.041199 0.038143
14 0.089263 0.447761 0.068664 0.172471
11 0.425094 0.721393 0.153558 0.255390
1 0.104869 0.495854 0.079900 0.142620
16 0.835206 0.542289 0.084894 0.106136
15 0.749688 0.533997 0.088639 0.079602
2 0.460050 0.333333 0.103620 0.112769
3 0.676654 0.243781 0.249688 0.056385
5 0.229089 0.616086 0.215980 0.167496