15 0.324536 0.424528 0.243937 0.124528
2 0.573466 0.216038 0.171184 0.160377
2 0.730385 0.210377 0.125535 0.149057
8 0.822397 0.210377 0.115549 0.133962
19 0.903709 0.255660 0.052782 0.047170
4 0.833096 0.328302 0.162625 0.388679
9 0.742511 0.350943 0.181170 0.449057
11 0.616262 0.639623 0.162625 0.301887
1 0.912268 0.430189 0.072753 0.150943
5 0.799572 0.541509 0.195435 0.158491
12 0.271755 0.217925 0.352354 0.198113
3 0.197575 0.434906 0.281027 0.307547
20 0.578459 0.111321 0.398003 0.037736
0 0.520685 0.443396 0.425107 0.309434
18 0.309558 0.617925 0.530670 0.307547
15 0.061341 0.348113 0.008559 0.062264
14 0.922967 0.371698 0.062767 0.184906
3 0.351641 0.118868 0.238231 0.037736