16 0.706016 0.513093 0.149830 0.083470
15 0.831442 0.413257 0.041998 0.086743
15 0.463110 0.460720 0.120318 0.126023
9 0.320091 0.381342 0.118048 0.382979
11 0.366629 0.665303 0.095346 0.243863
2 0.336549 0.268412 0.076050 0.137480
2 0.389898 0.279869 0.071510 0.150573
12 0.636209 0.306056 0.355278 0.180033
17 0.200908 0.364157 0.029512 0.090016
4 0.279228 0.347791 0.111237 0.319149
1 0.224745 0.443535 0.029512 0.140753
8 0.288309 0.255319 0.070375 0.117840
19 0.233825 0.288871 0.043133 0.044190
14 0.222474 0.347791 0.020431 0.080196
5 0.269580 0.523732 0.071510 0.124386
20 0.515891 0.182488 0.355278 0.037643
0 0.393303 0.470540 0.175936 0.266776
18 0.612372 0.608838 0.511918 0.327332
3 0.644722 0.416530 0.376844 0.158756
3 0.602724 0.210311 0.288309 0.050736
15 0.553916 0.461538 0.081725 0.078560