19 0.742105 0.345433 0.077193 0.049180
9 0.819298 0.388759 0.094737 0.337237
4 0.737719 0.430913 0.138596 0.426230
5 0.734211 0.626464 0.198246 0.194379
11 0.551754 0.706089 0.173684 0.320843
1 0.854386 0.509368 0.045614 0.161593
0 0.867544 0.386417 0.040351 0.149883
14 0.557895 0.503513 0.266667 0.299766
18 0.275439 0.670960 0.463158 0.358314
13 0.367544 0.435597 0.545614 0.220141
10 0.101754 0.439110 0.077193 0.110070
10 0.399123 0.533958 0.191228 0.182670
6 0.183333 0.529274 0.219298 0.140515
2 0.809649 0.285714 0.071930 0.117096
8 0.734211 0.302108 0.100000 0.149883
7 0.536842 0.286885 0.350877 0.142857
20 0.610526 0.214286 0.252632 0.025761