7 0.511364 0.278057 0.404040 0.227806
19 0.705808 0.371859 0.106061 0.077052
19 0.349747 0.277219 0.022727 0.025126
8 0.746212 0.264657 0.126263 0.197655
2 0.865530 0.246231 0.092172 0.157454
11 0.904040 0.496650 0.085859 0.162479
1 0.500000 0.763819 0.202020 0.308208
6 0.133838 0.572864 0.159091 0.214405
13 0.335227 0.441374 0.496212 0.262982
10 0.299242 0.597990 0.262626 0.177554
10 0.118687 0.417085 0.065657 0.070352
17 0.245581 0.748744 0.387626 0.314908
14 0.503788 0.541039 0.290404 0.378559
4 0.731061 0.412060 0.209596 0.549414
9 0.866793 0.345059 0.130051 0.412060
20 0.658460 0.154104 0.375000 0.050251
5 0.787879 0.546901 0.290404 0.323283
0 0.943182 0.358459 0.040404 0.184255
15 0.957702 0.284757 0.016414 0.067002