1 0.438115 0.722222 0.175809 0.313840
19 0.248242 0.309942 0.105485 0.074074
10 0.632911 0.632554 0.241913 0.134503
6 0.848101 0.600390 0.143460 0.249513
16 0.883263 0.674464 0.070323 0.159844
17 0.696906 0.651072 0.440225 0.506823
13 0.625176 0.399610 0.499297 0.296296
14 0.440928 0.495127 0.282700 0.389864
2 0.138537 0.193957 0.068917 0.146199
2 0.094937 0.184211 0.035162 0.091618
9 0.127989 0.319688 0.106892 0.413255
8 0.230661 0.207602 0.106892 0.173489
4 0.234177 0.388889 0.167370 0.551657
0 0.072433 0.299220 0.049226 0.181287
20 0.303797 0.108187 0.393812 0.052632
7 0.454993 0.222222 0.383966 0.226121
5 0.234177 0.583821 0.226442 0.228070
11 0.106892 0.441520 0.078762 0.165692