2 0.824042 0.356148 0.073171 0.104408
0 0.877178 0.482599 0.057491 0.227378
1 0.632404 0.783063 0.121951 0.294664
5 0.777875 0.686775 0.172474 0.190255
4 0.756098 0.510441 0.135889 0.431555
20 0.641986 0.305104 0.273519 0.044084
19 0.742160 0.446636 0.087108 0.067285
17 0.373693 0.790023 0.458188 0.378190
14 0.588850 0.600928 0.247387 0.301624
13 0.404181 0.576566 0.473868 0.243619
11 0.871951 0.558005 0.060976 0.150812
10 0.428571 0.706497 0.209059 0.113689
9 0.830139 0.458237 0.102787 0.322506
8 0.753484 0.366589 0.088850 0.120650
7 0.535714 0.402552 0.332753 0.164733
6 0.234321 0.778422 0.165505 0.238979
3 0.874564 0.352668 0.034843 0.027842