20 0.440402 0.090682 0.421581 0.024958
14 0.074655 0.430948 0.074028 0.199667
1 0.092848 0.505824 0.080301 0.163062
4 0.163739 0.371880 0.161857 0.494176
19 0.077792 0.322795 0.052698 0.089850
8 0.165621 0.238769 0.132999 0.214642
5 0.204517 0.620632 0.205772 0.193012
9 0.306148 0.400166 0.240903 0.557404
2 0.309912 0.250416 0.173149 0.241265
0 0.454203 0.554077 0.296110 0.399334
11 0.461731 0.811980 0.200753 0.339434
3 0.761606 0.552413 0.331242 0.419301
12 0.733375 0.252912 0.319950 0.336106
18 0.696989 0.725458 0.468005 0.356073
15 0.611669 0.546589 0.139272 0.227953
3 0.717691 0.103161 0.268507 0.056572
2 0.454203 0.267887 0.097867 0.232945