14 0.555166 0.468160 0.294221 0.257075
10 0.323117 0.554245 0.271454 0.136792
17 0.288967 0.655660 0.490368 0.405660
1 0.574431 0.692217 0.196147 0.341981
13 0.367776 0.412736 0.563923 0.221698
7 0.561296 0.257075 0.369527 0.169811
11 0.931699 0.483491 0.091068 0.183962
19 0.775832 0.337264 0.101576 0.061321
8 0.790718 0.254717 0.106830 0.136792
4 0.775832 0.406840 0.178634 0.464623
2 0.891419 0.250000 0.084063 0.117925
9 0.893170 0.362028 0.119089 0.370283
5 0.793345 0.607311 0.238179 0.186321
20 0.719790 0.183962 0.399299 0.070755
0 0.962347 0.341981 0.047285 0.141509
6 0.127846 0.544811 0.126095 0.150943