11 0.923521 0.551653 0.086580 0.227273
19 0.774892 0.386364 0.112554 0.103306
2 0.879509 0.239669 0.096681 0.165289
8 0.778499 0.284091 0.125541 0.250000
4 0.788600 0.452479 0.160173 0.603306
9 0.883838 0.390496 0.122655 0.479339
0 0.937951 0.432851 0.069264 0.320248
5 0.803030 0.693182 0.212121 0.221074
1 0.608225 0.814050 0.165945 0.355372
14 0.621212 0.572314 0.220779 0.396694
13 0.398268 0.475207 0.551227 0.322314
20 0.672439 0.137397 0.398268 0.072314
6 0.242424 0.618802 0.245310 0.154959
17 0.356421 0.757231 0.539683 0.394628
10 0.457431 0.646694 0.236652 0.140496
10 0.116162 0.537190 0.027417 0.119835
7 0.525974 0.270661 0.431457 0.252066