7 0.490463 0.123862 0.520436 0.193078
13 0.487057 0.354281 0.764305 0.267760
14 0.088556 0.439891 0.065395 0.224044
14 0.891689 0.442623 0.069482 0.225865
10 0.155313 0.530055 0.166213 0.196721
10 0.803134 0.548270 0.186649 0.229508
6 0.469346 0.567395 0.521798 0.194900
17 0.489101 0.698543 0.877384 0.377049
19 0.209809 0.196721 0.051771 0.058288
19 0.790872 0.200364 0.055858 0.058288
20 0.500681 0.014572 0.341962 0.029144
1 0.134196 0.784153 0.047684 0.049180
1 0.836512 0.808743 0.057221 0.043716