1 0.681220 0.781961 0.202153 0.274956
11 0.123206 0.584939 0.105263 0.182137
7 0.592703 0.290718 0.259569 0.185639
13 0.813995 0.469352 0.276316 0.196147
10 0.879785 0.563923 0.144737 0.136602
8 0.418062 0.295096 0.221292 0.197898
2 0.221890 0.267951 0.130383 0.143608
19 0.508971 0.376532 0.089713 0.080560
4 0.427033 0.463222 0.291866 0.555166
9 0.211124 0.412434 0.183014 0.457093
17 0.898325 0.704028 0.177033 0.357268
14 0.695574 0.570053 0.331340 0.404553
15 0.074761 0.347636 0.027512 0.054291
0 0.113636 0.457093 0.131579 0.297723
5 0.351675 0.676883 0.368421 0.162872
20 0.441388 0.187391 0.153110 0.028021
3 0.158493 0.209282 0.065789 0.054291