7 0.468531 0.256440 0.388112 0.208431
20 0.365385 0.141686 0.311189 0.039813
5 0.214161 0.576112 0.187063 0.234192
0 0.095280 0.345433 0.061189 0.245902
19 0.243007 0.325527 0.111888 0.103044
19 0.644231 0.261124 0.033217 0.035129
13 0.613636 0.440281 0.510490 0.285714
10 0.870629 0.462529 0.038462 0.105386
10 0.548077 0.610070 0.250000 0.156909
8 0.229021 0.249415 0.104895 0.170960
1 0.369755 0.714286 0.134615 0.318501
4 0.223776 0.388759 0.150350 0.477752
17 0.661713 0.686183 0.505245 0.468384
14 0.381119 0.478923 0.216783 0.320843
2 0.124126 0.220141 0.020979 0.051522
2 0.159965 0.217799 0.064685 0.117096
11 0.117133 0.441452 0.073427 0.161593
9 0.145979 0.323185 0.110140 0.351288
6 0.788462 0.599532 0.178322 0.154567