15 0.618357 0.414807 0.144928 0.131846
15 0.884662 0.396552 0.032609 0.095335
18 0.740942 0.735294 0.344203 0.294118
12 0.733696 0.317444 0.281401 0.196755
3 0.746377 0.406694 0.309179 0.517241
0 0.574275 0.538540 0.254831 0.342799
2 0.444444 0.275862 0.217391 0.210953
8 0.268116 0.249493 0.164251 0.166329
19 0.181763 0.325558 0.035024 0.095335
20 0.498188 0.152130 0.387681 0.052738
9 0.376812 0.455375 0.183575 0.590264
4 0.257850 0.422921 0.213768 0.529412
14 0.126812 0.423935 0.079710 0.235294
1 0.121377 0.575051 0.124396 0.217039
11 0.520531 0.821501 0.176329 0.336714
5 0.370169 0.683570 0.440821 0.235294
15 0.714976 0.431034 0.074879 0.091278
13 0.129227 0.324544 0.048309 0.036511