6 0.771454 0.545244 0.152364 0.213457
10 0.598074 0.540603 0.124343 0.106729
10 0.843257 0.440835 0.019264 0.055684
17 0.644483 0.595128 0.437828 0.368910
13 0.582312 0.394432 0.530648 0.213457
1 0.381786 0.612529 0.147110 0.283063
14 0.408056 0.447796 0.290718 0.278422
7 0.435201 0.234339 0.352014 0.153132
19 0.218039 0.270302 0.085814 0.076566
20 0.330123 0.146172 0.359019 0.041763
8 0.211033 0.214617 0.082312 0.118329
2 0.151489 0.204176 0.078809 0.097448
11 0.109457 0.393271 0.068301 0.146172
4 0.208406 0.352668 0.126095 0.412993
5 0.212785 0.518561 0.176883 0.169374
9 0.142732 0.298144 0.103327 0.308585
0 0.081436 0.274942 0.040280 0.127610
19 0.576182 0.241299 0.024518 0.032483
18 0.065674 0.314385 0.008757 0.067285