11 0.122642 0.452731 0.050314 0.161765
1 0.411164 0.646008 0.155660 0.313025
17 0.672956 0.629202 0.544025 0.380252
10 0.591195 0.543067 0.201258 0.086134
13 0.618711 0.409664 0.605346 0.210084
14 0.437107 0.472689 0.311321 0.277311
7 0.440252 0.268908 0.330189 0.130252
19 0.246855 0.327731 0.062893 0.075630
8 0.222484 0.272059 0.139937 0.119748
4 0.210692 0.394958 0.166667 0.382353
5 0.244497 0.570378 0.199686 0.199580
0 0.125000 0.376050 0.061321 0.189076
20 0.389151 0.205882 0.234277 0.021008
6 0.829403 0.564076 0.202830 0.161765