12 0.632635 0.312065 0.389180 0.150812
15 0.639616 0.526682 0.235602 0.116009
15 0.904887 0.451276 0.026178 0.085847
0 0.489529 0.491879 0.357766 0.255220
11 0.390925 0.691415 0.146597 0.296984
3 0.742583 0.486079 0.347295 0.276102
18 0.668412 0.655452 0.530541 0.354988
16 0.821117 0.522042 0.068063 0.097448
20 0.470332 0.228538 0.343805 0.058005
2 0.315881 0.306265 0.129145 0.139211
2 0.413613 0.324826 0.094241 0.125290
9 0.302792 0.424594 0.155323 0.380510
5 0.237347 0.592807 0.174520 0.187935
1 0.132635 0.475638 0.052356 0.139211
8 0.244328 0.295824 0.115183 0.118329
19 0.164049 0.329466 0.052356 0.046404
4 0.221640 0.396752 0.174520 0.334107
14 0.129145 0.392111 0.027923 0.102088
17 0.097731 0.435035 0.038394 0.104408
8 0.239965 0.301624 0.095986 0.111369