15 0.665210 0.350117 0.239510 0.185012
20 0.508741 0.131148 0.314685 0.032787
5 0.294580 0.492974 0.180070 0.119438
0 0.536713 0.367681 0.339161 0.248244
19 0.196678 0.255269 0.057692 0.056206
1 0.187063 0.403981 0.076923 0.147541
4 0.262238 0.310304 0.157343 0.339578
14 0.173951 0.352459 0.064685 0.185012
12 0.647727 0.192037 0.347902 0.103044
2 0.374126 0.202576 0.111888 0.105386
2 0.457168 0.220141 0.047203 0.070258
11 0.463287 0.552693 0.146853 0.243560
9 0.358392 0.324356 0.153846 0.372365
18 0.704545 0.495316 0.447552 0.288056
3 0.784965 0.341920 0.255245 0.257611
8 0.280594 0.209602 0.096154 0.114754