2 0.228639 0.282241 0.026899 0.065539
19 0.627373 0.281184 0.030063 0.033827
6 0.742089 0.526427 0.231013 0.118393
0 0.196994 0.414376 0.071203 0.253700
11 0.188291 0.468288 0.041139 0.150106
1 0.399525 0.646934 0.106013 0.266385
4 0.258703 0.413319 0.099684 0.348837
8 0.265823 0.307611 0.060127 0.124736
19 0.277690 0.347780 0.080696 0.057082
20 0.397152 0.220930 0.275316 0.057082
7 0.469146 0.286469 0.333861 0.150106
5 0.291139 0.596195 0.132911 0.164905
14 0.393196 0.505285 0.204114 0.257928
10 0.502373 0.539112 0.169304 0.071882
13 0.598101 0.416490 0.547468 0.228330
17 0.641614 0.601480 0.498418 0.336152