7 0.518564 0.230287 0.443069 0.252688
20 0.680693 0.092294 0.428218 0.080645
8 0.776609 0.222222 0.107673 0.207885
4 0.762995 0.402330 0.184406 0.589606
19 0.756807 0.340502 0.112624 0.075269
1 0.587871 0.780466 0.160891 0.320789
10 0.370668 0.637993 0.246287 0.146953
17 0.301361 0.739247 0.538366 0.406810
13 0.353342 0.449821 0.565594 0.365591
5 0.777228 0.620072 0.220297 0.250896
6 0.167079 0.589606 0.212871 0.207885
14 0.561881 0.524194 0.294554 0.388889
2 0.870050 0.192652 0.091584 0.166667
9 0.878713 0.328853 0.123762 0.442652
11 0.897277 0.476703 0.081683 0.179211
0 0.923267 0.345878 0.054455 0.250896
10 0.057550 0.491935 0.040842 0.112903