18 0.351250 0.692308 0.532500 0.294314
12 0.410000 0.327759 0.355000 0.130435
3 0.304375 0.508361 0.373750 0.287625
9 0.716875 0.441472 0.153750 0.411371
2 0.710625 0.310201 0.088750 0.128763
2 0.666875 0.346154 0.028750 0.070234
19 0.857500 0.319398 0.042500 0.046823
11 0.651875 0.692308 0.123750 0.284281
0 0.600000 0.530100 0.255000 0.304348
15 0.441875 0.535117 0.088750 0.230769
15 0.120000 0.469064 0.027500 0.142140
20 0.560625 0.239130 0.376250 0.056856
1 0.890000 0.478261 0.065000 0.170569
8 0.784375 0.301839 0.106250 0.118729
4 0.793750 0.413043 0.160000 0.364548
5 0.796250 0.593645 0.157500 0.150502
14 0.889375 0.437291 0.063750 0.195652