1 0.720219 0.749296 0.111285 0.174648
1 0.364420 0.780282 0.076803 0.152113
6 0.542320 0.501408 0.322884 0.197183
20 0.527429 0.136620 0.249216 0.025352
19 0.369906 0.294366 0.034483 0.092958
19 0.681818 0.288732 0.028213 0.098592
17 0.544671 0.640845 0.471787 0.211268
16 0.557210 0.692958 0.161442 0.061972
14 0.740596 0.473239 0.079937 0.146479
14 0.347962 0.484507 0.075235 0.152113
13 0.542320 0.371831 0.322884 0.135211
10 0.422414 0.471831 0.051724 0.087324
10 0.666928 0.461972 0.051724 0.090141
7 0.529781 0.214085 0.263323 0.146479