6 0.865106 0.416134 0.151616 0.158147
16 0.905797 0.535942 0.090301 0.151757
1 0.491081 0.702077 0.206243 0.346645
11 0.117614 0.534345 0.101449 0.186901
10 0.657191 0.455272 0.221851 0.137380
13 0.657191 0.312300 0.502787 0.238019
17 0.729654 0.594249 0.447046 0.389776
7 0.456522 0.197284 0.400223 0.190096
19 0.260870 0.306709 0.129320 0.086262
8 0.251394 0.226837 0.146042 0.156550
2 0.133222 0.225240 0.068004 0.140575
14 0.462653 0.470447 0.258640 0.404153
5 0.236901 0.579872 0.235229 0.159744
20 0.293757 0.128594 0.420290 0.100639
2 0.087514 0.236422 0.025641 0.095847
4 0.254738 0.364217 0.188406 0.469649
9 0.127090 0.331470 0.113712 0.391374
15 0.046823 0.329872 0.011148 0.043131
0 0.063545 0.384984 0.042363 0.217252