20 0.637784 0.175789 0.411932 0.061053
7 0.464489 0.301053 0.397727 0.218947
13 0.329545 0.491579 0.482955 0.267368
10 0.374290 0.607368 0.220170 0.166316
10 0.104403 0.500000 0.035511 0.073684
6 0.186080 0.632632 0.207386 0.174737
17 0.297585 0.750526 0.450284 0.317895
1 0.549006 0.782105 0.132102 0.326316
14 0.552557 0.597895 0.187500 0.332632
19 0.693182 0.397895 0.085227 0.113684
8 0.691051 0.309474 0.129261 0.218947
2 0.799006 0.265263 0.095170 0.138947
2 0.850142 0.252632 0.046875 0.080000
4 0.702415 0.466316 0.163352 0.562105
9 0.803977 0.411579 0.125000 0.452632
5 0.733665 0.676842 0.228693 0.216842
11 0.859375 0.566316 0.082386 0.202105
18 0.918324 0.473684 0.044034 0.231579
0 0.870028 0.420000 0.063920 0.292632