7 0.488861 0.296262 0.324257 0.222430
8 0.712252 0.319626 0.147277 0.179439
4 0.692450 0.468224 0.248762 0.510280
1 0.428218 0.763551 0.178218 0.278505
13 0.339109 0.399065 0.336634 0.196262
6 0.142327 0.545794 0.066832 0.157009
17 0.215965 0.557944 0.159653 0.368224
20 0.677599 0.209346 0.382426 0.071028
2 0.839728 0.293458 0.125000 0.123364
11 0.862005 0.557944 0.095297 0.170093
19 0.652847 0.422430 0.082921 0.112150
15 0.916460 0.379439 0.016089 0.044860
10 0.300124 0.552336 0.191832 0.166355
14 0.470297 0.577570 0.205446 0.306542
5 0.701733 0.653271 0.289604 0.200000
0 0.858292 0.432710 0.134901 0.315888
10 0.128713 0.464486 0.024752 0.102804
8 0.615099 0.366355 0.047030 0.123364