10 0.564082 0.623142 0.261076 0.180467
19 0.186709 0.331210 0.079114 0.089172
13 0.602057 0.454352 0.643987 0.280255
6 0.825158 0.629512 0.238924 0.222930
11 0.104430 0.469214 0.053797 0.157113
1 0.360759 0.733546 0.132911 0.350318
17 0.667722 0.719745 0.598101 0.488323
14 0.355222 0.526539 0.229430 0.297240
7 0.435918 0.268577 0.371835 0.138004
20 0.340981 0.194268 0.280063 0.040340
2 0.155854 0.259023 0.061709 0.093418
8 0.212816 0.283439 0.083861 0.146497
4 0.201741 0.418259 0.121835 0.428875
9 0.136076 0.367304 0.104430 0.326964
0 0.087816 0.345011 0.030063 0.099788
5 0.206487 0.601911 0.178797 0.201699