15 0.164035 0.452103 0.082456 0.072430
15 0.480702 0.567757 0.154386 0.084112
9 0.784211 0.418224 0.129825 0.425234
2 0.777193 0.303738 0.091228 0.163551
4 0.843860 0.390187 0.129825 0.364486
8 0.837719 0.293224 0.089474 0.133178
14 0.910526 0.433411 0.052632 0.151869
5 0.817544 0.580607 0.133333 0.137850
11 0.679825 0.693925 0.135088 0.271028
1 0.898246 0.488318 0.070175 0.135514
0 0.593860 0.581776 0.352632 0.439252
18 0.318421 0.670561 0.482456 0.341121
12 0.498246 0.288551 0.403509 0.175234
20 0.607895 0.200935 0.359649 0.028037
3 0.370175 0.475467 0.498246 0.324766
19 0.914035 0.336449 0.045614 0.046729
15 0.355263 0.540888 0.117544 0.077103
17 0.934211 0.417056 0.012281 0.039720