6 0.839136 0.685083 0.151261 0.162063
10 0.656663 0.667587 0.144058 0.108656
1 0.509004 0.801105 0.141657 0.316759
13 0.660264 0.489871 0.475390 0.195212
17 0.731092 0.745856 0.393758 0.357274
16 0.851741 0.789134 0.090036 0.097606
14 0.494598 0.613260 0.242497 0.331492
19 0.326531 0.453959 0.043217 0.112339
7 0.500000 0.334254 0.306122 0.171271
11 0.144658 0.577348 0.080432 0.204420
9 0.205282 0.437385 0.129652 0.432781
2 0.138655 0.299263 0.054022 0.097606
20 0.342737 0.232044 0.409364 0.066298
18 0.089436 0.498158 0.025210 0.130755
0 0.112245 0.412523 0.066026 0.139963
5 0.299520 0.720074 0.265306 0.198895
19 0.642857 0.350829 0.027611 0.034991
4 0.304922 0.488950 0.156062 0.524862