10 0.578076 0.664927 0.190852 0.081420
6 0.789432 0.605428 0.317035 0.242171
17 0.666404 0.752610 0.600946 0.402923
13 0.590694 0.456159 0.682965 0.336117
14 0.386435 0.530271 0.388013 0.338205
5 0.178233 0.601253 0.170347 0.221294
1 0.351735 0.729645 0.164038 0.331942
11 0.074921 0.449896 0.074132 0.169102
19 0.147476 0.315240 0.102524 0.062630
7 0.389590 0.271399 0.381703 0.183716
19 0.561514 0.264092 0.022082 0.022965
20 0.319401 0.172234 0.304416 0.039666
8 0.151420 0.262004 0.104101 0.139875
4 0.152208 0.396660 0.165615 0.463466
2 0.080442 0.237996 0.031546 0.062630
0 0.061514 0.376827 0.072555 0.235908
3 0.057571 0.247390 0.033123 0.027140