16 0.851138 0.660422 0.073555 0.126464
6 0.778459 0.532787 0.194396 0.138173
10 0.535902 0.555035 0.241681 0.131148
17 0.654116 0.629977 0.541156 0.440281
13 0.600701 0.405152 0.500876 0.215457
1 0.374781 0.679157 0.140105 0.295082
11 0.116462 0.490632 0.054291 0.152225
2 0.152364 0.247073 0.070053 0.114754
9 0.141856 0.361827 0.105079 0.362998
8 0.225044 0.258782 0.096322 0.142857
4 0.220665 0.405152 0.140105 0.454333
0 0.092820 0.354801 0.038529 0.166276
7 0.468476 0.258782 0.408056 0.175644
14 0.377408 0.477752 0.211909 0.327869
5 0.209282 0.574941 0.176883 0.194379
20 0.355517 0.166276 0.266200 0.018735
19 0.628722 0.264637 0.031524 0.023419