11 0.140734 0.433649 0.082168 0.161137
1 0.467657 0.671801 0.152098 0.300948
10 0.658217 0.585308 0.253497 0.104265
10 0.910839 0.501185 0.027972 0.059242
19 0.298077 0.328199 0.089161 0.082938
7 0.513112 0.257109 0.379371 0.201422
8 0.278846 0.252370 0.120629 0.182464
2 0.176573 0.223934 0.087413 0.120853
15 0.090035 0.280806 0.015734 0.040284
13 0.697552 0.373223 0.377622 0.163507
14 0.545455 0.471564 0.381119 0.331754
5 0.271853 0.560427 0.246503 0.210900
9 0.173951 0.327014 0.106643 0.350711
4 0.277098 0.383886 0.169580 0.459716
20 0.381119 0.146919 0.318182 0.042654
0 0.112762 0.321090 0.054196 0.172986
18 0.098776 0.354265 0.033217 0.130332
17 0.719406 0.658768 0.452797 0.388626
8 0.369755 0.322275 0.054196 0.104265