1 0.498721 0.731928 0.176471 0.327309
11 0.874680 0.471888 0.084399 0.200803
10 0.328645 0.583333 0.120205 0.154618
10 0.116368 0.469880 0.035806 0.076305
19 0.621483 0.324297 0.112532 0.094378
0 0.858056 0.401606 0.138107 0.301205
5 0.733376 0.615462 0.210997 0.186747
20 0.602941 0.108434 0.384910 0.076305
16 0.109335 0.710843 0.072890 0.160643
14 0.459079 0.545181 0.345269 0.363454
17 0.260870 0.659639 0.383632 0.423695
7 0.448849 0.242972 0.340153 0.240964
13 0.326087 0.449799 0.419437 0.277108
2 0.809463 0.201807 0.094629 0.174699
4 0.694373 0.381526 0.212276 0.550201
8 0.685422 0.221888 0.184143 0.206827