15 0.432810 0.501168 0.258290 0.128505
15 0.120419 0.445093 0.041885 0.086449
3 0.307155 0.488318 0.390925 0.313084
18 0.355148 0.667056 0.553229 0.380841
11 0.646597 0.726636 0.102967 0.285047
0 0.561082 0.500000 0.319372 0.397196
12 0.435428 0.289720 0.392670 0.130841
2 0.636126 0.321262 0.043630 0.105140
2 0.705061 0.316589 0.094241 0.128505
9 0.705061 0.452103 0.184991 0.418224
5 0.777487 0.620327 0.120419 0.128505
1 0.857766 0.525701 0.029668 0.130841
8 0.777487 0.323598 0.089005 0.119159
4 0.790576 0.419393 0.125654 0.338785
19 0.846422 0.362150 0.045375 0.042056
14 0.856021 0.435748 0.047120 0.109813