20 0.544365 0.100639 0.450839 0.105431
3 0.253597 0.391374 0.408873 0.638978
18 0.320743 0.720447 0.459233 0.370607
15 0.425659 0.492812 0.237410 0.158147
19 0.943645 0.292332 0.057554 0.083067
11 0.608513 0.784345 0.188249 0.319489
1 0.923261 0.461661 0.067146 0.159744
8 0.844125 0.202875 0.115108 0.185304
2 0.702638 0.206070 0.187050 0.204473
9 0.718225 0.384984 0.254197 0.635783
4 0.845324 0.331470 0.167866 0.512780
0 0.529976 0.514377 0.405276 0.415335
14 0.944245 0.380192 0.041966 0.153355
2 0.549161 0.214856 0.112710 0.183706
8 0.908873 0.242812 0.023981 0.086262
12 0.251799 0.253994 0.347722 0.274760