7 0.500000 0.221888 0.431400 0.246988
20 0.673267 0.083333 0.449788 0.058233
1 0.552334 0.813253 0.142857 0.321285
10 0.374116 0.564257 0.230552 0.220884
17 0.281471 0.752008 0.506365 0.455823
6 0.136492 0.589357 0.193777 0.162651
13 0.307638 0.429719 0.507779 0.305221
14 0.553041 0.534137 0.223479 0.445783
19 0.734795 0.321285 0.106082 0.088353
8 0.758840 0.206827 0.148515 0.196787
2 0.879774 0.183735 0.084866 0.158635
9 0.888260 0.329317 0.127298 0.477912
4 0.758840 0.405622 0.205092 0.626506
5 0.768741 0.648594 0.272984 0.248996
15 0.973833 0.259036 0.015559 0.052209
0 0.942008 0.367470 0.079208 0.313253
11 0.925035 0.501004 0.087694 0.190763