16 0.813763 0.567953 0.114899 0.135906
5 0.224747 0.609899 0.181818 0.172819
11 0.424242 0.750000 0.196970 0.315436
19 0.123737 0.303691 0.027778 0.070470
1 0.113636 0.500000 0.085859 0.167785
8 0.189394 0.244966 0.095960 0.147651
4 0.178030 0.363255 0.146465 0.414430
14 0.089015 0.414430 0.087121 0.224832
2 0.296086 0.236577 0.112374 0.140940
9 0.284722 0.409396 0.183081 0.513423
15 0.541035 0.396812 0.180556 0.109060
18 0.628157 0.645134 0.594697 0.401007
12 0.672348 0.226510 0.369949 0.184564
3 0.720960 0.421980 0.371212 0.320470
20 0.436237 0.137584 0.481061 0.140940
2 0.427399 0.231544 0.114899 0.151007
15 0.884470 0.299497 0.018939 0.062081
0 0.441919 0.437919 0.196970 0.275168
3 0.622475 0.162752 0.330808 0.117450
15 0.672348 0.396812 0.109848 0.078859
17 0.067551 0.395134 0.039141 0.052013