11 0.124551 0.466828 0.069461 0.153722
1 0.438922 0.655340 0.171257 0.310680
16 0.836527 0.686084 0.118563 0.119741
19 0.264072 0.278317 0.097006 0.077670
7 0.479641 0.195793 0.379641 0.165049
8 0.253892 0.211974 0.129341 0.171521
4 0.248503 0.344660 0.156886 0.456311
17 0.717365 0.608414 0.459880 0.323625
6 0.804192 0.635922 0.180838 0.087379
10 0.674251 0.481392 0.239521 0.124595
13 0.640719 0.364887 0.562874 0.199029
20 0.295210 0.123786 0.336527 0.046926
5 0.235928 0.545307 0.222754 0.197411
14 0.486228 0.432848 0.349701 0.322006
2 0.117365 0.205502 0.052695 0.110032
9 0.156287 0.311489 0.108982 0.373786
18 0.074251 0.398058 0.019162 0.103560
15 0.086228 0.247573 0.016766 0.045307
0 0.106587 0.357605 0.074251 0.200647
2 0.164671 0.204693 0.075449 0.137540