9 0.107388 0.306897 0.101375 0.351724
11 0.073883 0.424138 0.041237 0.149425
2 0.117698 0.195402 0.067010 0.114943
14 0.321306 0.508046 0.247423 0.358621
17 0.582474 0.701149 0.529210 0.381609
4 0.161512 0.374713 0.120275 0.487356
1 0.284364 0.698851 0.115120 0.317241
8 0.171821 0.224138 0.072165 0.167816
6 0.729381 0.667816 0.231959 0.310345
10 0.488832 0.602299 0.238832 0.128736
13 0.534364 0.447126 0.587629 0.291954
16 0.756873 0.696552 0.080756 0.128736
19 0.152921 0.297701 0.075601 0.089655
19 0.579897 0.257471 0.022337 0.032184
0 0.062715 0.322989 0.036082 0.218391
5 0.153780 0.551724 0.146048 0.220690
20 0.331615 0.135632 0.302405 0.045977
7 0.411512 0.241379 0.379725 0.170115