7 0.590620 0.245536 0.364070 0.196429
13 0.482512 0.425223 0.449921 0.185268
10 0.558824 0.518973 0.214626 0.176339
10 0.250397 0.501116 0.036566 0.113839
6 0.364070 0.552455 0.216216 0.104911
16 0.313990 0.670759 0.141494 0.100446
8 0.772655 0.289062 0.038156 0.145089
14 0.717806 0.469866 0.179650 0.337054
4 0.835453 0.386161 0.103339 0.455357
19 0.841017 0.299107 0.082671 0.066964
8 0.823529 0.229911 0.066773 0.125000
5 0.852941 0.555804 0.112878 0.147321
11 0.896661 0.500000 0.063593 0.142857
9 0.877583 0.344866 0.089030 0.363839
2 0.868045 0.237723 0.057234 0.131696
2 0.896661 0.244420 0.038156 0.100446
0 0.922893 0.370536 0.030207 0.156250
1 0.724960 0.686384 0.120827 0.296875
17 0.470588 0.660714 0.496025 0.334821