10 0.585692 0.598101 0.180818 0.094937
1 0.360849 0.663502 0.158805 0.314346
13 0.588050 0.397679 0.622642 0.284810
14 0.407233 0.477848 0.342767 0.297468
7 0.415881 0.227848 0.347484 0.156118
20 0.338836 0.137131 0.290881 0.037975
19 0.192610 0.267932 0.089623 0.054852
8 0.192610 0.220464 0.102201 0.137131
4 0.182390 0.348101 0.138365 0.409283
0 0.094340 0.311181 0.059748 0.196203
2 0.126572 0.181435 0.033019 0.059072
3 0.091981 0.202532 0.029874 0.016878
11 0.098270 0.390295 0.058176 0.164557
5 0.202044 0.526371 0.149371 0.196203
17 0.686321 0.666667 0.564465 0.426160
6 0.821541 0.574895 0.237421 0.175105