11 0.159574 0.772727 0.281602 0.363636
1 0.948060 0.480000 0.098874 0.258182
19 0.841677 0.240909 0.048811 0.100000
8 0.630788 0.180000 0.370463 0.218182
4 0.663955 0.355455 0.484355 0.590909
5 0.616395 0.650909 0.581977 0.250909
2 0.242178 0.206364 0.401752 0.234545
0 0.256571 0.496364 0.513141 0.407273
14 0.944305 0.401818 0.106383 0.243636
13 0.921151 0.228182 0.150188 0.118182
20 0.360451 0.080909 0.620776 0.150909
12 0.020025 0.161818 0.037547 0.069091
18 0.018773 0.662727 0.035044 0.121818
3 0.026909 0.148182 0.053817 0.172727