10 0.676286 0.567002 0.203262 0.192630
10 0.828733 0.396985 0.084065 0.090452
6 0.809912 0.525963 0.156838 0.207705
1 0.515684 0.757119 0.168130 0.268007
17 0.734630 0.683417 0.355082 0.381910
13 0.678168 0.427973 0.367629 0.229481
14 0.759097 0.339196 0.072773 0.055276
7 0.518821 0.279732 0.385194 0.254606
14 0.513174 0.514238 0.245922 0.351759
19 0.352572 0.360972 0.145546 0.145729
8 0.291092 0.259631 0.143036 0.201005
4 0.297992 0.407873 0.212045 0.534338
2 0.163739 0.231156 0.096612 0.157454
9 0.153074 0.350084 0.132999 0.422111
15 0.070891 0.278894 0.013802 0.095477
0 0.102886 0.366834 0.085320 0.271357
5 0.278545 0.610553 0.278545 0.216080
11 0.124843 0.488275 0.091593 0.155779
20 0.327478 0.146566 0.421581 0.065327