2 0.323986 0.292808 0.180191 0.126712
8 0.559666 0.303082 0.276850 0.150685
19 0.629475 0.379281 0.051313 0.066781
15 0.053103 0.393836 0.032220 0.068493
10 0.928401 0.428938 0.081146 0.053082
1 0.799523 0.568493 0.136038 0.191781
11 0.188544 0.571062 0.133652 0.190068
4 0.565632 0.395548 0.315036 0.369863
9 0.330549 0.395548 0.233890 0.359589
14 0.834129 0.482877 0.291169 0.195205
13 0.829952 0.369863 0.213604 0.082192
0 0.162291 0.435788 0.250597 0.279110
18 0.071599 0.499144 0.121718 0.152397
17 0.921241 0.540240 0.124105 0.128425
5 0.495823 0.593322 0.442721 0.042808