11 0.478261 0.813976 0.167224 0.360236
2 0.585284 0.187008 0.160535 0.192913
9 0.594760 0.394685 0.221851 0.659449
16 0.180602 0.662402 0.102564 0.135827
15 0.371795 0.458661 0.168339 0.169291
15 0.096433 0.371063 0.018952 0.143701
3 0.264771 0.308071 0.326644 0.541339
18 0.261984 0.660433 0.392419 0.490157
0 0.484950 0.520669 0.218506 0.435039
19 0.836120 0.244094 0.049052 0.070866
1 0.835563 0.511811 0.074693 0.208661
8 0.726867 0.184055 0.140468 0.190945
4 0.734114 0.359252 0.188406 0.584646
14 0.846154 0.412402 0.073579 0.269685
5 0.692865 0.665354 0.253066 0.251969
20 0.503902 0.050197 0.356745 0.053150
12 0.272575 0.227362 0.273133 0.206693