16 0.117517 0.655906 0.119734 0.152756
6 0.175166 0.540945 0.197339 0.174803
17 0.310421 0.688976 0.532151 0.395276
10 0.356984 0.581102 0.219512 0.160630
10 0.085366 0.461417 0.028825 0.094488
14 0.578160 0.466929 0.280488 0.354331
13 0.370843 0.398425 0.550998 0.292913
7 0.534922 0.210236 0.422395 0.215748
20 0.676275 0.092913 0.385809 0.037795
19 0.764967 0.307874 0.106430 0.086614
1 0.614191 0.721260 0.181818 0.340157
4 0.780488 0.373228 0.155211 0.557480
8 0.781042 0.214961 0.105322 0.215748
9 0.866962 0.302362 0.097561 0.415748
2 0.863082 0.182677 0.076497 0.154331
5 0.794900 0.562992 0.181818 0.209449
11 0.893570 0.448819 0.066519 0.163780
0 0.907982 0.339370 0.062084 0.247244