1 0.114943 0.533543 0.086845 0.220126
11 0.505109 0.759958 0.167305 0.333333
15 0.624521 0.483229 0.194125 0.174004
15 0.898467 0.417191 0.037037 0.150943
19 0.161558 0.321803 0.037037 0.098532
3 0.730524 0.355346 0.349936 0.421384
18 0.729246 0.658281 0.421456 0.356394
0 0.471903 0.532495 0.213282 0.352201
5 0.277778 0.664570 0.282248 0.188679
20 0.523627 0.159329 0.431673 0.109015
14 0.103448 0.448637 0.091954 0.255765
17 0.061941 0.471698 0.016603 0.142558
2 0.404215 0.248428 0.185185 0.190776
9 0.388889 0.408805 0.256705 0.561845
4 0.243295 0.384696 0.228608 0.513627
8 0.249681 0.243187 0.164751 0.184486