19 0.631349 0.330946 0.106830 0.106017
7 0.467601 0.239255 0.322242 0.186246
13 0.359895 0.383954 0.380035 0.189112
10 0.178634 0.412607 0.077058 0.126074
10 0.391419 0.497135 0.201401 0.157593
17 0.319615 0.613181 0.390543 0.389685
14 0.533275 0.474212 0.166375 0.318052
5 0.689142 0.570201 0.187391 0.194842
11 0.799475 0.479943 0.075306 0.180516
1 0.529772 0.679083 0.134851 0.292264
4 0.692644 0.386819 0.162872 0.475645
8 0.676007 0.237822 0.101576 0.154728
2 0.774081 0.226361 0.056042 0.103152
0 0.796848 0.371060 0.080560 0.226361
20 0.570053 0.143266 0.239930 0.040115
6 0.207531 0.587393 0.159370 0.154728