7 0.532297 0.202191 0.354067 0.252988
8 0.327153 0.210159 0.161483 0.221116
4 0.330144 0.401394 0.236842 0.627490
1 0.576555 0.765936 0.177033 0.316733
17 0.782895 0.652390 0.336124 0.416335
10 0.738636 0.509960 0.264354 0.167331
13 0.717105 0.398406 0.424641 0.302789
16 0.902512 0.675299 0.058612 0.155378
6 0.894737 0.660359 0.102871 0.245020
20 0.337321 0.060757 0.368421 0.081673
5 0.301435 0.610558 0.351675 0.284861
14 0.564593 0.550797 0.236842 0.332669
2 0.166866 0.179283 0.135167 0.175299
9 0.162081 0.332669 0.149522 0.490040
11 0.111244 0.514940 0.093301 0.197211
15 0.071172 0.211155 0.027512 0.095618
19 0.377392 0.361554 0.094498 0.137450
0 0.087919 0.349602 0.077751 0.272908
8 0.461722 0.316733 0.081340 0.139442