11 0.155502 0.470348 0.078947 0.188139
1 0.594498 0.661554 0.169856 0.280164
7 0.494617 0.237219 0.250000 0.204499
4 0.335526 0.436605 0.216507 0.341513
0 0.161483 0.371166 0.162679 0.284254
14 0.613636 0.485685 0.368421 0.308793
5 0.345096 0.591002 0.309809 0.184049
19 0.389354 0.340491 0.087321 0.075665
18 0.099282 0.395706 0.040670 0.104294
15 0.084330 0.310838 0.010766 0.040900
17 0.782297 0.618609 0.227273 0.304703
10 0.803230 0.546012 0.070574 0.122699
13 0.685407 0.394683 0.421053 0.290389
6 0.854067 0.440695 0.086124 0.198364
16 0.869617 0.596115 0.026316 0.087935