0 0.088889 0.423767 0.053968 0.179372
14 0.447619 0.515695 0.228571 0.381166
11 0.128571 0.606502 0.098413 0.181614
9 0.144444 0.420404 0.095238 0.392377
4 0.265079 0.448430 0.193651 0.497758
5 0.264286 0.678251 0.249206 0.154709
19 0.276190 0.357623 0.139683 0.114350
20 0.314286 0.211883 0.368254 0.100897
7 0.470635 0.266816 0.341270 0.179372
13 0.641270 0.375561 0.492063 0.190583
1 0.499206 0.770179 0.201587 0.338565
17 0.708730 0.616592 0.484127 0.470852
10 0.585714 0.420404 0.238095 0.078475
10 0.723810 0.580717 0.082540 0.116592
6 0.761905 0.469731 0.304762 0.168161
16 0.919048 0.590807 0.066667 0.150224