2 0.323815 0.249600 0.183475 0.211200
14 0.066221 0.315200 0.040097 0.124800
4 0.184690 0.344000 0.201701 0.454400
9 0.317132 0.399200 0.250304 0.561600
1 0.089307 0.436000 0.074119 0.184000
5 0.216282 0.612000 0.223572 0.260800
0 0.434386 0.554400 0.244228 0.321600
12 0.684083 0.324800 0.413123 0.268800
3 0.735723 0.535200 0.380316 0.334400
15 0.569259 0.572800 0.229648 0.211200
18 0.694411 0.740000 0.499392 0.440000
11 0.413123 0.806400 0.179830 0.355200
20 0.477521 0.156800 0.529769 0.134400
19 0.096598 0.272800 0.047388 0.059200
3 0.631227 0.194400 0.309842 0.075200
8 0.190765 0.224000 0.143378 0.163200