0 0.908217 0.232477 0.054196 0.114486
9 0.843531 0.307243 0.127622 0.385514
11 0.883741 0.379673 0.054196 0.156542
5 0.743007 0.543224 0.241259 0.240654
4 0.743007 0.359813 0.164336 0.481308
2 0.882867 0.172897 0.031469 0.056075
2 0.830420 0.182243 0.076923 0.116822
8 0.741259 0.205607 0.101399 0.154206
19 0.707168 0.287383 0.082168 0.093458
20 0.642483 0.110981 0.354895 0.063084
7 0.506119 0.230140 0.379371 0.212617
14 0.540210 0.500000 0.269231 0.308411
1 0.545455 0.684579 0.129371 0.289720
10 0.361888 0.554907 0.269231 0.198598
17 0.265734 0.644860 0.461538 0.448598
6 0.128497 0.564252 0.176573 0.221963
13 0.335664 0.407710 0.541958 0.306075