1 0.282895 0.707677 0.171053 0.265748
11 0.875598 0.620079 0.124402 0.208661
7 0.417464 0.318898 0.232057 0.192913
13 0.197368 0.430118 0.251196 0.116142
10 0.130383 0.526575 0.141148 0.080709
15 0.945574 0.375000 0.061005 0.080709
17 0.138158 0.662402 0.161483 0.253937
14 0.291268 0.594488 0.247608 0.271654
19 0.458732 0.405512 0.049043 0.062992
8 0.553828 0.338583 0.191388 0.181102
2 0.754187 0.311024 0.139952 0.149606
9 0.770933 0.447835 0.211722 0.442913
4 0.538278 0.476378 0.270335 0.492126
2 0.868421 0.305118 0.076555 0.086614
5 0.599282 0.693898 0.423445 0.120079
18 0.962321 0.512795 0.039474 0.198819
0 0.877392 0.474409 0.185407 0.326772
20 0.681818 0.218504 0.385167 0.055118
3 0.952153 0.329724 0.019139 0.029528
3 0.895335 0.258858 0.063397 0.064961