1 0.137232 0.502613 0.050119 0.165505
11 0.445107 0.756098 0.140811 0.306620
18 0.675418 0.676829 0.417661 0.325784
12 0.698091 0.298780 0.295943 0.203833
3 0.713007 0.458188 0.325776 0.543554
15 0.608592 0.459059 0.205251 0.144599
15 0.866945 0.401568 0.010740 0.054007
20 0.522076 0.162892 0.526253 0.078397
19 0.154535 0.322300 0.044153 0.052265
8 0.185561 0.297038 0.032220 0.092334
2 0.440334 0.292683 0.076372 0.156794
4 0.232697 0.389373 0.169451 0.405923
9 0.346659 0.418118 0.204057 0.459930
0 0.454654 0.504355 0.245823 0.329268
14 0.127088 0.395470 0.051313 0.153310
8 0.243437 0.274390 0.112172 0.151568
2 0.358592 0.283101 0.156325 0.172474
13 0.131265 0.310976 0.026253 0.022648
5 0.261933 0.613240 0.206444 0.191638