7 0.561955 0.228438 0.390925 0.172494
13 0.395288 0.390443 0.602094 0.198135
10 0.383072 0.537296 0.298429 0.132867
6 0.186736 0.500000 0.233857 0.165501
17 0.314136 0.657343 0.561955 0.368298
1 0.610820 0.663170 0.167539 0.342657
14 0.568063 0.479021 0.322862 0.333333
19 0.778360 0.286713 0.125654 0.088578
8 0.802792 0.222611 0.108202 0.142191
4 0.798429 0.377622 0.158813 0.480186
5 0.800175 0.566434 0.211169 0.177156
11 0.912740 0.461538 0.073298 0.167832
2 0.883072 0.220280 0.083770 0.132867
2 0.921466 0.234266 0.034904 0.076923
9 0.888307 0.329837 0.104712 0.375291
0 0.952880 0.357809 0.038394 0.174825