5 0.359976 0.596708 0.390625 0.193416
1 0.669471 0.688272 0.194712 0.331276
19 0.412260 0.264403 0.110577 0.080247
14 0.622596 0.473251 0.319712 0.390947
10 0.827524 0.524691 0.140625 0.119342
16 0.936899 0.516461 0.032452 0.090535
13 0.731971 0.358025 0.430288 0.255144
7 0.526442 0.187243 0.276442 0.197531
9 0.191106 0.312757 0.170673 0.452675
2 0.110577 0.163580 0.091346 0.109053
2 0.155649 0.161523 0.056490 0.109053
2 0.219351 0.168724 0.087740 0.139918
15 0.034856 0.266461 0.014423 0.039095
0 0.101562 0.359053 0.143029 0.281893
11 0.128606 0.477366 0.098558 0.218107
20 0.307692 0.082305 0.425481 0.053498
4 0.370192 0.361111 0.233173 0.557613
8 0.349760 0.179012 0.132212 0.172840
17 0.852163 0.589506 0.237981 0.409465