9 0.142857 0.396956 0.104530 0.367681
11 0.110627 0.514052 0.067944 0.152225
17 0.679443 0.701405 0.491289 0.372365
4 0.229965 0.454333 0.149826 0.482436
1 0.402439 0.740047 0.153310 0.299766
7 0.476481 0.302108 0.395470 0.187354
13 0.640244 0.473068 0.517422 0.248244
14 0.395470 0.555035 0.205575 0.262295
0 0.093206 0.416862 0.064460 0.220141
5 0.222997 0.633489 0.191638 0.189696
20 0.356272 0.206089 0.283972 0.032787
10 0.606272 0.581967 0.261324 0.138173
19 0.249129 0.370023 0.101045 0.079625
2 0.110627 0.281030 0.040070 0.065574
6 0.802265 0.720141 0.231707 0.231850
10 0.854530 0.461358 0.092334 0.088993
8 0.231707 0.290398 0.111498 0.135831
2 0.154181 0.282201 0.064460 0.119438