15 0.618007 0.480874 0.218531 0.109290
15 0.880245 0.387978 0.033217 0.071038
11 0.379371 0.685792 0.139860 0.327869
3 0.708916 0.422131 0.375874 0.330601
18 0.642483 0.617486 0.519231 0.366120
20 0.413462 0.136612 0.382867 0.065574
12 0.593531 0.221311 0.414336 0.142077
19 0.149476 0.280055 0.033217 0.040984
0 0.452797 0.465847 0.335664 0.357923
2 0.318182 0.234973 0.160839 0.142077
8 0.208042 0.232240 0.087413 0.136612
1 0.131993 0.453552 0.050699 0.180328
5 0.221154 0.566940 0.169580 0.204918
14 0.121503 0.351093 0.043706 0.106557
9 0.278846 0.390710 0.152098 0.469945
4 0.194056 0.355191 0.129371 0.398907