1 0.319693 0.633534 0.115090 0.355422
11 0.159847 0.468876 0.046036 0.154618
10 0.523018 0.470884 0.250639 0.122490
10 0.840793 0.436747 0.054987 0.110442
19 0.208440 0.253012 0.086957 0.072289
19 0.618286 0.254016 0.031969 0.034137
0 0.141304 0.330321 0.024297 0.142570
5 0.206522 0.542169 0.113811 0.176707
20 0.355499 0.130522 0.317136 0.048193
14 0.336957 0.410643 0.195652 0.319277
17 0.599105 0.629518 0.579284 0.335341
6 0.728261 0.468876 0.180307 0.098394
7 0.441816 0.193775 0.349105 0.154618
13 0.568414 0.399598 0.563939 0.285141
2 0.189258 0.202811 0.066496 0.144578
9 0.179028 0.312249 0.081841 0.355422
8 0.226343 0.191767 0.051151 0.130522
4 0.221867 0.342369 0.103581 0.451807