10 0.568340 0.584428 0.238494 0.103189
10 0.888424 0.445591 0.008368 0.031895
16 0.813808 0.647280 0.126918 0.127580
6 0.792190 0.563790 0.195258 0.151970
17 0.658996 0.630394 0.506276 0.397749
1 0.403766 0.680113 0.132497 0.305816
13 0.601813 0.408068 0.573222 0.260788
14 0.403766 0.469043 0.238494 0.341463
19 0.237796 0.299250 0.101813 0.076923
7 0.461646 0.244841 0.345886 0.170732
8 0.241980 0.238274 0.062762 0.142589
4 0.239888 0.371482 0.111576 0.435272
2 0.193166 0.227017 0.051604 0.116323
2 0.165969 0.230769 0.022315 0.075047
9 0.184798 0.320826 0.090656 0.333959
0 0.131799 0.310507 0.032078 0.106942
15 0.124128 0.279550 0.008368 0.030019
3 0.141562 0.241088 0.020921 0.035647
15 0.118550 0.317073 0.008368 0.030019
19 0.612971 0.246717 0.029289 0.035647
20 0.350767 0.154784 0.347280 0.046904
5 0.253138 0.558161 0.182706 0.227017
11 0.156904 0.437148 0.057183 0.150094