11 0.787081 0.790179 0.181818 0.308036
1 0.163876 0.745536 0.167464 0.263393
8 0.404306 0.332589 0.215311 0.214286
4 0.389952 0.491071 0.296651 0.562500
17 0.048445 0.640625 0.065789 0.254464
14 0.148325 0.584821 0.232057 0.375000
10 0.032297 0.529018 0.045455 0.089286
16 0.019139 0.661830 0.011962 0.073661
20 0.625598 0.193080 0.356459 0.046875
5 0.465311 0.775670 0.425837 0.046875
13 0.130383 0.421875 0.203349 0.111607
12 0.883373 0.313616 0.070574 0.136161
2 0.768541 0.322545 0.096890 0.149554
9 0.636962 0.492188 0.252392 0.564732
18 0.913278 0.665179 0.096890 0.303571
15 0.919856 0.473214 0.064593 0.107143
3 0.869019 0.313616 0.135167 0.220982
19 0.279904 0.405134 0.033493 0.073661
0 0.800837 0.575893 0.252392 0.415179
2 0.632177 0.315848 0.171053 0.180804