20 0.509938 0.080913 0.480745 0.062241
15 0.231677 0.433610 0.172671 0.132780
11 0.420497 0.756224 0.190062 0.358921
1 0.911801 0.537344 0.096894 0.219917
12 0.206832 0.210581 0.214907 0.217842
3 0.177019 0.418050 0.190062 0.296680
18 0.213043 0.639004 0.306832 0.390041
19 0.872050 0.293568 0.042236 0.064315
2 0.590683 0.199170 0.207453 0.232365
8 0.753416 0.210581 0.204969 0.226141
0 0.422981 0.491701 0.309317 0.439834
14 0.919876 0.429461 0.103106 0.294606
9 0.564596 0.384855 0.291925 0.612033
4 0.767702 0.372407 0.233540 0.549793
3 0.244099 0.088174 0.152795 0.060166
2 0.470186 0.203320 0.093168 0.207469
5 0.705590 0.664938 0.337888 0.184647