2 0.486260 0.213439 0.210275 0.181818
9 0.470131 0.412055 0.280765 0.610672
2 0.646356 0.243083 0.069295 0.134387
8 0.290323 0.213439 0.193548 0.185771
8 0.188172 0.247036 0.022700 0.043478
19 0.167264 0.303360 0.045400 0.104743
4 0.274791 0.381423 0.253286 0.545455
11 0.612306 0.813241 0.204301 0.341897
1 0.123656 0.519763 0.087216 0.201581
12 0.844086 0.279644 0.175627 0.207510
15 0.778973 0.381423 0.152927 0.268775
16 0.908602 0.489130 0.041816 0.104743
3 0.822581 0.367589 0.240143 0.494071
0 0.610514 0.476285 0.303465 0.525692
10 0.093787 0.321146 0.027479 0.041502
14 0.117682 0.428854 0.094385 0.252964
5 0.326165 0.667984 0.339307 0.225296
13 0.127838 0.276680 0.054958 0.055336
20 0.556153 0.103755 0.416965 0.069170
18 0.804659 0.687747 0.261649 0.403162