5 0.801754 0.594406 0.217544 0.279720
15 0.965789 0.250583 0.008772 0.044289
0 0.951754 0.284382 0.033333 0.139860
9 0.889474 0.315851 0.122807 0.379953
2 0.885965 0.200466 0.091228 0.139860
11 0.928070 0.432401 0.049123 0.165501
20 0.668421 0.122378 0.319298 0.039627
4 0.800000 0.388112 0.154386 0.519814
8 0.800877 0.234266 0.110526 0.207459
19 0.797368 0.312354 0.096491 0.065268
14 0.593860 0.501166 0.268421 0.340326
14 0.171930 0.360140 0.108772 0.076923
7 0.557018 0.241259 0.422807 0.221445
13 0.377193 0.425408 0.578947 0.328671
11 0.628947 0.722611 0.142105 0.317016
6 0.163158 0.586247 0.203509 0.216783
17 0.330702 0.708625 0.563158 0.536131
10 0.409649 0.611888 0.289474 0.142191