16 0.155726 0.524857 0.146648 0.128107
15 0.390363 0.469407 0.247207 0.166348
15 0.042598 0.399618 0.020950 0.107075
12 0.267458 0.239006 0.423184 0.260038
11 0.582402 0.744742 0.153631 0.342256
1 0.826816 0.410134 0.044693 0.166348
8 0.745810 0.169216 0.106145 0.170172
19 0.821229 0.213193 0.055866 0.055449
2 0.655028 0.180688 0.134078 0.200765
2 0.590084 0.201721 0.079609 0.200765
14 0.830307 0.341300 0.048883 0.204589
4 0.754190 0.306883 0.142458 0.460803
9 0.652235 0.347036 0.212291 0.548757
3 0.252793 0.500000 0.427374 0.384321
18 0.300978 0.689293 0.532123 0.407266
0 0.570531 0.493308 0.219274 0.378585
5 0.741620 0.554493 0.150838 0.237094
20 0.507682 0.087954 0.459497 0.091778
3 0.303073 0.099426 0.349162 0.068834