19 0.459976 0.250000 0.047790 0.064220
8 0.526284 0.162844 0.151732 0.192661
2 0.690562 0.143349 0.124253 0.149083
8 0.399044 0.246560 0.076464 0.121560
9 0.694743 0.277523 0.178017 0.449541
4 0.511350 0.301606 0.217443 0.497706
7 0.381720 0.139908 0.225806 0.188073
13 0.213859 0.269495 0.241338 0.190367
14 0.300478 0.391055 0.216249 0.337156
0 0.769415 0.336009 0.119474 0.291284
10 0.143967 0.369266 0.113501 0.096330
16 0.067503 0.454128 0.008363 0.087156
17 0.158303 0.477064 0.180406 0.321101
15 0.798088 0.147936 0.052569 0.121560
18 0.821983 0.383028 0.023895 0.155963
5 0.553166 0.534404 0.329749 0.110092
20 0.608722 0.056193 0.328554 0.075688
11 0.768220 0.465596 0.100358 0.215596
1 0.299881 0.572248 0.160096 0.282110