2 0.185540 0.286047 0.022648 0.060465
2 0.222997 0.281395 0.066202 0.106977
1 0.464286 0.668605 0.141115 0.272093
0 0.157666 0.391860 0.057491 0.216279
6 0.809233 0.527907 0.186411 0.176744
5 0.277003 0.575581 0.188153 0.155814
4 0.303136 0.425581 0.146341 0.409302
20 0.404181 0.205814 0.289199 0.025581
19 0.338850 0.345349 0.078397 0.067442
18 0.135889 0.433721 0.017422 0.113953
17 0.696864 0.638372 0.459930 0.318605
14 0.476481 0.489535 0.217770 0.337209
13 0.660279 0.410465 0.459930 0.174419
11 0.179443 0.498837 0.066202 0.146512
10 0.672474 0.534884 0.233449 0.120930
9 0.209930 0.383721 0.099303 0.320930
8 0.302265 0.297674 0.095819 0.139535
7 0.506098 0.282558 0.346690 0.146512