14 0.693164 0.555710 0.184420 0.476323
5 0.810016 0.559889 0.119237 0.289694
19 0.812401 0.264624 0.089030 0.072423
7 0.585851 0.199164 0.370429 0.242340
20 0.664547 0.073816 0.289348 0.064067
16 0.293323 0.722841 0.163752 0.192201
13 0.460254 0.427577 0.573927 0.381616
10 0.172496 0.480501 0.039746 0.097493
10 0.533386 0.661560 0.201908 0.130919
6 0.303657 0.688022 0.225755 0.367688
8 0.801272 0.186630 0.060413 0.172702
1 0.690779 0.767409 0.125596 0.431755
4 0.810016 0.366295 0.100159 0.548747
17 0.406995 0.727019 0.531002 0.490251
2 0.837838 0.165738 0.057234 0.130919
11 0.878378 0.409471 0.030207 0.155989
9 0.853736 0.264624 0.082671 0.339833
0 0.885533 0.233983 0.031797 0.128134