8 0.670357 0.223214 0.184502 0.214286
2 0.840098 0.191964 0.108241 0.156250
11 0.900984 0.523438 0.104551 0.238839
1 0.403444 0.744420 0.196802 0.354911
9 0.836408 0.354911 0.172202 0.513393
4 0.674047 0.405134 0.238622 0.609375
14 0.420664 0.508929 0.287823 0.415179
5 0.703567 0.595982 0.371464 0.308036
17 0.190652 0.651786 0.302583 0.473214
10 0.218327 0.575893 0.220172 0.089286
6 0.061501 0.588170 0.039360 0.185268
13 0.280443 0.391741 0.440344 0.305804
7 0.492005 0.208705 0.341943 0.247768
20 0.651907 0.082589 0.314883 0.062500
0 0.932964 0.320312 0.072571 0.203125
18 0.966790 0.397321 0.031980 0.245536