7 0.542959 0.281835 0.377088 0.215356
10 0.497613 0.541199 0.200477 0.157303
14 0.383652 0.503745 0.106205 0.280899
13 0.622315 0.465356 0.442721 0.181648
10 0.843675 0.505618 0.054893 0.119850
11 0.241050 0.577715 0.050119 0.159176
1 0.405131 0.800562 0.108592 0.312734
17 0.648568 0.738764 0.490453 0.443820
19 0.309069 0.345506 0.088305 0.125468
8 0.317422 0.270599 0.062053 0.162921
2 0.268496 0.273408 0.059666 0.161049
9 0.264320 0.395131 0.087112 0.430712
4 0.307279 0.448502 0.094272 0.537453
5 0.295346 0.671348 0.108592 0.159176
20 0.464797 0.177903 0.239857 0.044944
6 0.810263 0.558989 0.050119 0.043071
6 0.678401 0.584270 0.101432 0.026217
19 0.708831 0.335206 0.026253 0.033708
0 0.228520 0.461610 0.036993 0.260300
6 0.754177 0.668539 0.207637 0.067416
6 0.744630 0.797753 0.226730 0.119850