8 0.571087 0.283619 0.210275 0.224939
19 0.668459 0.370416 0.075269 0.095355
2 0.317802 0.246944 0.207885 0.190709
2 0.195341 0.242054 0.108722 0.117359
9 0.323775 0.433985 0.258065 0.569682
4 0.586619 0.452323 0.289128 0.591687
1 0.827360 0.712714 0.166069 0.300733
11 0.175030 0.694377 0.173238 0.322738
15 0.086619 0.345966 0.113501 0.124694
10 0.934289 0.502445 0.069295 0.075795
13 0.856631 0.396088 0.212664 0.156479
17 0.938471 0.652812 0.072879 0.249389
14 0.817204 0.591687 0.215054 0.312958
7 0.676822 0.267726 0.192354 0.212714
5 0.499403 0.743276 0.463560 0.083130
20 0.373357 0.156479 0.409797 0.092910
0 0.176822 0.496333 0.258065 0.405868
18 0.045400 0.567237 0.057348 0.327628
3 0.116487 0.209046 0.137395 0.163814
12 0.083035 0.246944 0.065711 0.088020