9 0.812327 0.321818 0.070637 0.290909
11 0.830332 0.408182 0.040166 0.132727
2 0.809557 0.231818 0.056787 0.100000
14 0.643352 0.465455 0.198061 0.280000
17 0.412050 0.672727 0.497230 0.341818
4 0.769391 0.377273 0.087258 0.398182
1 0.670360 0.659091 0.091413 0.270909
8 0.762465 0.263636 0.067867 0.160000
6 0.308172 0.577273 0.264543 0.183636
10 0.517313 0.597273 0.231302 0.114545
13 0.441828 0.442727 0.531856 0.285455
16 0.260388 0.679091 0.132964 0.136364
19 0.398199 0.276364 0.029086 0.032727
19 0.786704 0.335455 0.080332 0.063636
0 0.843490 0.331818 0.030471 0.180000
5 0.771468 0.529091 0.096953 0.170909
20 0.621191 0.172727 0.245152 0.036364
20 0.779086 0.176364 0.087258 0.036364
7 0.563712 0.261818 0.346260 0.156364