19 0.246722 0.319739 0.100119 0.133768
8 0.300358 0.277325 0.026222 0.104405
8 0.227056 0.194943 0.117998 0.171289
4 0.250894 0.388254 0.210965 0.587276
7 0.504768 0.229201 0.458880 0.230016
10 0.634684 0.563622 0.253874 0.230016
6 0.860548 0.581566 0.135876 0.141925
14 0.443981 0.496737 0.280095 0.393148
1 0.423719 0.754486 0.175209 0.334421
11 0.093564 0.467374 0.082241 0.164763
5 0.215733 0.608483 0.247914 0.244698
2 0.125149 0.187602 0.083433 0.156607
2 0.081049 0.185155 0.023838 0.089723
9 0.116806 0.325449 0.116806 0.458401
0 0.055423 0.325449 0.041716 0.200653
20 0.324195 0.084829 0.426698 0.110930
13 0.672229 0.432300 0.471990 0.244698
17 0.685936 0.701468 0.544696 0.469821
10 0.873659 0.424144 0.083433 0.107667