10 0.428659 0.613020 0.158672 0.206148
10 0.159287 0.436709 0.079951 0.157324
13 0.410824 0.428571 0.511685 0.325497
6 0.183887 0.671790 0.062731 0.215190
14 0.602091 0.536166 0.254613 0.352622
7 0.542435 0.253165 0.391144 0.231465
20 0.642681 0.142857 0.298893 0.065099
8 0.789053 0.248644 0.097171 0.160940
2 0.847478 0.224231 0.041820 0.115732
4 0.787823 0.400542 0.153752 0.486438
0 0.867159 0.391501 0.083641 0.301989
5 0.761378 0.609403 0.127921 0.177215
11 0.862239 0.488246 0.086101 0.166365
1 0.614391 0.753165 0.143911 0.309222
19 0.760148 0.334539 0.091021 0.104882
16 0.334563 0.749548 0.216482 0.164557
17 0.365314 0.699819 0.501845 0.477396