12 0.441530 0.157459 0.413115 0.193370
9 0.755738 0.324125 0.191257 0.563536
11 0.687978 0.716390 0.108197 0.353591
18 0.354098 0.690608 0.555191 0.552486
2 0.698907 0.185083 0.051366 0.130755
15 0.420219 0.507366 0.267760 0.152855
3 0.285792 0.413444 0.398907 0.447514
16 0.162295 0.499079 0.110383 0.136280
8 0.834426 0.136280 0.108197 0.154696
4 0.844809 0.278085 0.146448 0.471455
1 0.916940 0.372928 0.050273 0.178637
20 0.595082 0.046961 0.381421 0.071823
14 0.923497 0.313996 0.052459 0.211786
19 0.910929 0.185083 0.053552 0.060773
0 0.544262 0.447514 0.437158 0.523020
5 0.830601 0.522099 0.144262 0.197053
2 0.756831 0.147330 0.106011 0.180479