4 0.750382 0.376640 0.254962 0.679790
19 0.695420 0.333333 0.087023 0.157480
8 0.738168 0.199475 0.184733 0.309711
14 0.486260 0.524934 0.300763 0.425197
7 0.469466 0.211286 0.386260 0.270341
20 0.632824 0.044619 0.254962 0.062992
8 0.603817 0.297900 0.062595 0.223097
1 0.503817 0.791339 0.207634 0.391076
10 0.259542 0.620735 0.219847 0.196850
10 0.090076 0.502625 0.094656 0.133858
13 0.285496 0.479003 0.454962 0.343832
6 0.082443 0.717848 0.109924 0.149606
2 0.878626 0.128609 0.114504 0.183727
5 0.773282 0.623360 0.319084 0.291339
0 0.923664 0.345144 0.143511 0.380577
11 0.941985 0.472441 0.094656 0.236220
17 0.244275 0.757218 0.424427 0.406824