16 0.118214 0.635831 0.043783 0.100703
1 0.547285 0.663934 0.159370 0.264637
17 0.300350 0.613583 0.432574 0.370023
19 0.725044 0.329040 0.105079 0.072600
8 0.748687 0.235363 0.110333 0.161593
4 0.741681 0.364169 0.169877 0.451991
7 0.528897 0.251756 0.364273 0.217799
11 0.889667 0.429742 0.080560 0.156909
2 0.854641 0.214286 0.091068 0.128806
9 0.854641 0.300937 0.115587 0.330211
0 0.913310 0.323185 0.085814 0.220141
14 0.532399 0.464871 0.266200 0.278689
5 0.759194 0.530445 0.246935 0.199063
20 0.688266 0.137002 0.374781 0.053864
6 0.197023 0.526932 0.152364 0.168618
13 0.359895 0.418033 0.474606 0.274005