3 0.139461 0.221053 0.047544 0.016842
5 0.243265 0.565263 0.169572 0.178947
11 0.145008 0.436842 0.074485 0.153684
0 0.133914 0.355789 0.074485 0.240000
1 0.418384 0.672632 0.129952 0.280000
14 0.477813 0.509474 0.353407 0.269474
4 0.228209 0.395789 0.145800 0.400000
6 0.835975 0.592632 0.118859 0.111579
10 0.916006 0.529474 0.015848 0.065263
10 0.646593 0.629474 0.253566 0.109474
17 0.703645 0.691579 0.494453 0.326316
13 0.650555 0.466316 0.524564 0.275789
20 0.347068 0.188421 0.313788 0.048421
7 0.450079 0.287368 0.335975 0.178947
19 0.248811 0.333684 0.072900 0.048421
2 0.175119 0.245263 0.049128 0.090526
16 0.863708 0.707368 0.091918 0.105263