7 0.521632 0.230627 0.378245 0.236162
13 0.666873 0.442804 0.510507 0.284133
2 0.170581 0.182657 0.103832 0.154982
8 0.284302 0.221402 0.131026 0.225092
9 0.166255 0.316421 0.124845 0.433579
4 0.287392 0.381919 0.194067 0.560886
5 0.247837 0.577491 0.226205 0.228782
11 0.128554 0.457565 0.086527 0.188192
1 0.474042 0.735240 0.156984 0.319188
0 0.093943 0.293358 0.064277 0.214022
14 0.491965 0.522140 0.257108 0.350554
17 0.747219 0.723247 0.401731 0.343173
6 0.851051 0.588561 0.164400 0.195572
10 0.687886 0.612546 0.233622 0.151292
20 0.351051 0.088561 0.415328 0.062731
10 0.906057 0.461255 0.029666 0.059041
2 0.119901 0.159594 0.051916 0.097786