7 0.374781 0.279206 0.367776 0.179907
1 0.341506 0.744159 0.182137 0.315421
13 0.537653 0.467290 0.633975 0.285047
10 0.622592 0.670561 0.148862 0.074766
10 0.873030 0.532710 0.026270 0.060748
20 0.294221 0.199766 0.336252 0.049065
19 0.110333 0.342290 0.066550 0.081776
17 0.632224 0.662383 0.528897 0.399533
14 0.350263 0.544393 0.350263 0.350467
11 0.074431 0.482477 0.075306 0.189252
0 0.053415 0.397196 0.047285 0.191589
4 0.133975 0.411215 0.120841 0.420561
8 0.132224 0.286215 0.057793 0.133178
8 0.170753 0.293224 0.029772 0.133178
3 0.076182 0.279206 0.047285 0.025701