20 0.366086 0.160042 0.275753 0.023013
1 0.448494 0.651674 0.158479 0.307531
11 0.149762 0.434100 0.074485 0.152720
19 0.271791 0.282427 0.099842 0.050209
7 0.482567 0.247908 0.340729 0.148536
6 0.862916 0.553347 0.156894 0.148536
10 0.650555 0.563808 0.210777 0.089958
17 0.720285 0.665272 0.458003 0.271967
13 0.644216 0.417364 0.572108 0.223849
8 0.274168 0.241632 0.104596 0.156904
9 0.189382 0.315900 0.109350 0.309623
4 0.268621 0.362971 0.141046 0.407950
2 0.199683 0.222803 0.079239 0.115063
14 0.442155 0.472803 0.240887 0.305439
2 0.161648 0.224895 0.041204 0.073222
0 0.127575 0.337866 0.049128 0.165272
5 0.251189 0.532427 0.207607 0.207113