11 0.098202 0.459227 0.096819 0.206009
2 0.152144 0.206009 0.060858 0.120172
14 0.479945 0.571888 0.318119 0.427039
17 0.758645 0.763948 0.427386 0.373391
4 0.237206 0.483906 0.208852 0.427039
1 0.461272 0.743562 0.170124 0.345494
10 0.698479 0.677039 0.190871 0.118026
8 0.234440 0.223176 0.142462 0.163090
6 0.878976 0.597639 0.167358 0.199571
13 0.663900 0.440987 0.589212 0.345494
14 0.888658 0.395923 0.134163 0.135193
19 0.629322 0.216738 0.027663 0.034335
19 0.264869 0.307940 0.109267 0.070815
0 0.099585 0.363734 0.127248 0.332618
5 0.243430 0.623391 0.265560 0.251073
20 0.331259 0.115880 0.360996 0.072961
7 0.479253 0.234979 0.369295 0.238197