15 0.417544 0.470794 0.185965 0.226636
9 0.718421 0.404206 0.180702 0.537383
2 0.550000 0.258178 0.191228 0.212617
2 0.703509 0.230140 0.150877 0.193925
8 0.834211 0.224299 0.100000 0.168224
4 0.844737 0.339953 0.138596 0.432243
14 0.927193 0.360981 0.057895 0.119159
19 0.913158 0.283879 0.050877 0.044393
1 0.920175 0.475467 0.057895 0.170561
11 0.617544 0.773364 0.164912 0.350467
0 0.533333 0.507009 0.382456 0.345794
3 0.275439 0.424065 0.400000 0.595794
12 0.282456 0.283879 0.378947 0.231308
18 0.332456 0.747664 0.528070 0.429907
20 0.535088 0.126168 0.273684 0.042056
5 0.803509 0.610981 0.192982 0.207944