1 0.572807 0.691315 0.103509 0.208920
20 0.612281 0.252347 0.266667 0.058685
19 0.700000 0.392019 0.070175 0.046948
17 0.371053 0.679577 0.387719 0.265258
10 0.426316 0.603286 0.178947 0.098592
10 0.206140 0.521127 0.022807 0.093897
0 0.828947 0.372066 0.036842 0.152582
7 0.519298 0.346244 0.308772 0.185446
13 0.406140 0.484742 0.398246 0.227700
6 0.267544 0.599765 0.124561 0.119718
11 0.810526 0.481221 0.052632 0.131455
14 0.573684 0.546948 0.185965 0.244131
9 0.778070 0.395540 0.092982 0.302817
4 0.707018 0.440141 0.112281 0.387324
5 0.721053 0.576291 0.147368 0.152582
8 0.704386 0.336854 0.078947 0.157277
2 0.773684 0.309859 0.073684 0.126761