17 0.343666 0.700540 0.614555 0.505396
1 0.657008 0.750000 0.152291 0.348921
13 0.394879 0.403777 0.649596 0.386691
10 0.492588 0.599820 0.257412 0.199640
7 0.584906 0.183453 0.436658 0.233813
20 0.685310 0.070144 0.359838 0.039568
14 0.674528 0.482914 0.211590 0.383094
19 0.864555 0.274281 0.098383 0.088129
8 0.825472 0.200540 0.106469 0.232014
4 0.833558 0.343525 0.122642 0.535971
5 0.837601 0.555755 0.187332 0.251799
2 0.907008 0.157374 0.048518 0.131295
9 0.919137 0.269784 0.094340 0.384892
11 0.927898 0.430755 0.076819 0.181655