8 0.804348 0.204545 0.088696 0.141414
9 0.756522 0.364899 0.128696 0.487374
11 0.662609 0.726010 0.142609 0.335859
12 0.434783 0.231061 0.427826 0.199495
14 0.872174 0.327020 0.043478 0.123737
15 0.480870 0.535354 0.168696 0.151515
15 0.373043 0.520202 0.099130 0.136364
15 0.100870 0.435606 0.041739 0.113636
15 0.087826 0.438131 0.019130 0.103535
18 0.374783 0.722222 0.631304 0.398990
19 0.866957 0.243687 0.050435 0.042929
20 0.560870 0.122475 0.370435 0.047980
0 0.095652 0.510101 0.020870 0.055556
3 0.322609 0.482323 0.485217 0.373737
4 0.810435 0.330808 0.121739 0.419192
5 0.800000 0.546717 0.090435 0.133838
0 0.569565 0.488636 0.373913 0.371212
1 0.857391 0.433081 0.059130 0.164141
2 0.743478 0.223485 0.092174 0.179293