19 0.108592 0.280120 0.042959 0.054217
14 0.074582 0.393574 0.084726 0.204819
5 0.255370 0.596386 0.291169 0.196787
3 0.813246 0.330321 0.261337 0.524096
0 0.571599 0.464859 0.422434 0.359438
20 0.501790 0.077309 0.502387 0.046185
1 0.091289 0.466867 0.089499 0.190763
11 0.497613 0.706827 0.181384 0.325301
8 0.205251 0.210843 0.159905 0.160643
2 0.353819 0.216867 0.206444 0.184739
2 0.546539 0.224900 0.188544 0.188755
4 0.194511 0.343373 0.193317 0.449799
9 0.343675 0.373494 0.236277 0.510040
18 0.739857 0.668675 0.408115 0.357430
12 0.814439 0.216867 0.213604 0.248996
15 0.776253 0.455823 0.130072 0.112450
15 0.876492 0.411647 0.060859 0.112450
10 0.038186 0.339357 0.011933 0.032129