15 0.626408 0.406953 0.146433 0.126789
15 0.887985 0.388548 0.033792 0.094070
3 0.802253 0.519427 0.205257 0.257669
18 0.745307 0.720859 0.341677 0.288344
0 0.562578 0.532720 0.289111 0.345603
12 0.737797 0.307771 0.279099 0.206544
5 0.304130 0.691207 0.260325 0.192229
11 0.526909 0.801636 0.175219 0.347648
1 0.122653 0.559305 0.107635 0.210634
9 0.382353 0.447853 0.176471 0.576687
2 0.514393 0.287321 0.087610 0.177914
2 0.406758 0.259714 0.122653 0.175869
20 0.546308 0.237219 0.484355 0.229039
8 0.219024 0.274029 0.035044 0.106339
19 0.192115 0.323108 0.036295 0.094070
4 0.268461 0.416155 0.209011 0.517382
13 0.140801 0.319018 0.053817 0.040900
14 0.137046 0.456033 0.088861 0.298569
15 0.719024 0.420245 0.078849 0.096115
3 0.719650 0.260736 0.242804 0.198364
8 0.289737 0.247444 0.136421 0.159509