1 0.109375 0.450833 0.076250 0.161667
19 0.126250 0.278333 0.050000 0.046667
14 0.102500 0.395833 0.080000 0.201667
18 0.725625 0.615833 0.438750 0.381667
11 0.487500 0.699167 0.197500 0.311667
0 0.514375 0.485833 0.473750 0.378333
4 0.232500 0.350833 0.235000 0.448333
8 0.246250 0.231667 0.170000 0.173333
5 0.260625 0.580833 0.241250 0.195000
2 0.405000 0.229167 0.230000 0.195000
20 0.526875 0.120000 0.526250 0.046667
12 0.756875 0.230000 0.283750 0.216667
3 0.806250 0.413333 0.255000 0.283333
15 0.715625 0.451667 0.233750 0.093333