10 0.629371 0.602113 0.251748 0.124413
10 0.102273 0.488263 0.036713 0.122066
11 0.807692 0.444836 0.010490 0.072770
14 0.691434 0.420188 0.232517 0.262911
17 0.423077 0.670188 0.716783 0.462441
4 0.787587 0.284038 0.061189 0.262911
14 0.145105 0.382629 0.097902 0.117371
1 0.737762 0.719484 0.076923 0.265258
8 0.780594 0.214789 0.019231 0.091549
20 0.621503 0.136150 0.302448 0.051643
13 0.446678 0.376761 0.641608 0.269953
19 0.406469 0.224178 0.036713 0.039906
19 0.817308 0.254695 0.071678 0.053991
0 0.819056 0.322770 0.022727 0.086854
7 0.584790 0.207746 0.361888 0.152582