9 0.849862 0.303202 0.107438 0.361582
11 0.888430 0.434087 0.074380 0.167608
2 0.842975 0.190207 0.085399 0.120527
14 0.546143 0.460452 0.312672 0.344633
17 0.303030 0.638418 0.471074 0.399247
4 0.763774 0.356874 0.141873 0.472693
1 0.547521 0.683616 0.147383 0.312618
8 0.758264 0.200565 0.095041 0.145009
6 0.092975 0.536723 0.042700 0.109228
6 0.162534 0.569680 0.093664 0.118644
10 0.367769 0.551789 0.256198 0.120527
13 0.373278 0.398305 0.575758 0.246704
16 0.135675 0.652542 0.108815 0.122411
19 0.754132 0.260829 0.100551 0.069680
0 0.905647 0.325800 0.050964 0.195857
5 0.765152 0.544256 0.232782 0.237288
20 0.621212 0.120527 0.261708 0.041431
7 0.541322 0.210923 0.333333 0.154426
19 0.394628 0.239171 0.017906 0.018832