11 0.910584 0.466132 0.074209 0.183601
0 0.914234 0.359180 0.100973 0.351159
2 0.900852 0.156863 0.079075 0.160428
20 0.675791 0.085561 0.373479 0.071301
5 0.798054 0.624777 0.214112 0.279857
4 0.809002 0.397504 0.189781 0.641711
8 0.813260 0.191622 0.122871 0.226381
19 0.786496 0.309269 0.130170 0.105169
13 0.389903 0.467023 0.560827 0.374332
14 0.570560 0.563280 0.338200 0.377897
1 0.616788 0.809269 0.158151 0.352941
17 0.337591 0.763815 0.536496 0.429590
6 0.154501 0.655971 0.075426 0.149733
10 0.104623 0.532086 0.036496 0.133690
10 0.346715 0.716578 0.282238 0.131907
7 0.546837 0.244207 0.419708 0.285205