19 0.619462 0.254219 0.020570 0.027426
16 0.832278 0.662447 0.104430 0.092827
0 0.115506 0.301688 0.031646 0.156118
14 0.352848 0.414557 0.215190 0.327004
20 0.382120 0.131857 0.280063 0.048523
11 0.138449 0.422996 0.058544 0.158228
9 0.158228 0.294304 0.091772 0.335443
4 0.206487 0.339662 0.096519 0.426160
2 0.167722 0.194093 0.066456 0.113924
8 0.208861 0.204641 0.066456 0.147679
5 0.208861 0.531646 0.145570 0.198312
7 0.439873 0.198312 0.360759 0.143460
19 0.207278 0.250000 0.088608 0.069620
1 0.346519 0.626582 0.120253 0.337553
17 0.653481 0.619198 0.547468 0.390295
10 0.882911 0.418776 0.050633 0.116034
10 0.522152 0.460970 0.237342 0.154008
13 0.590190 0.358650 0.575949 0.194093
6 0.765032 0.486287 0.257911 0.162447