18 0.625874 0.562061 0.472028 0.379391
3 0.652098 0.385246 0.388112 0.325527
15 0.832168 0.330211 0.038462 0.093677
15 0.631119 0.437939 0.097902 0.074941
15 0.482517 0.421546 0.223776 0.131148
12 0.550699 0.210773 0.388112 0.159251
0 0.369755 0.411007 0.197552 0.353630
5 0.215909 0.512881 0.148601 0.177986
9 0.262238 0.346604 0.146853 0.430913
4 0.179196 0.314988 0.117133 0.367681
2 0.275350 0.208431 0.106643 0.126464
8 0.185315 0.199063 0.083916 0.112412
20 0.423077 0.125293 0.374126 0.067916
11 0.359266 0.624122 0.120629 0.250585
14 0.107517 0.275176 0.036713 0.081967
17 0.093531 0.350117 0.015734 0.072600
1 0.121503 0.377049 0.043706 0.135831
19 0.132867 0.223653 0.020979 0.039813