7 0.539246 0.223864 0.384615 0.215909
20 0.458399 0.104545 0.276295 0.036364
19 0.323391 0.294318 0.106750 0.088636
10 0.630298 0.560227 0.205651 0.138636
10 0.941130 0.511364 0.010989 0.072727
1 0.451334 0.721591 0.127159 0.284091
11 0.172684 0.484091 0.069074 0.163636
2 0.164050 0.195455 0.042386 0.095455
9 0.200157 0.332955 0.117739 0.420455
18 0.127159 0.406818 0.018838 0.086364
2 0.208006 0.201136 0.083203 0.138636
14 0.481947 0.501136 0.248038 0.325000
17 0.712716 0.701136 0.477237 0.306818
4 0.300628 0.381818 0.155416 0.522727
8 0.304553 0.209091 0.113030 0.168182
6 0.816327 0.571591 0.238619 0.175000
13 0.682889 0.417045 0.536892 0.243182
0 0.138932 0.309091 0.042386 0.145455
5 0.278650 0.585227 0.196232 0.193182