1 0.814480 0.687238 0.174208 0.286611
11 0.139140 0.686192 0.169683 0.284519
8 0.544683 0.207113 0.220588 0.263598
19 0.683258 0.339958 0.056561 0.135983
4 0.566742 0.379707 0.314480 0.663180
5 0.500566 0.712343 0.451357 0.060669
0 0.147059 0.500000 0.255656 0.464435
18 0.039027 0.551255 0.078054 0.286611
15 0.029977 0.177824 0.044118 0.213389
2 0.148756 0.183054 0.116516 0.228033
2 0.308824 0.184100 0.187783 0.238494
9 0.304864 0.374477 0.272624 0.652720
7 0.691176 0.203975 0.221719 0.261506
14 0.817873 0.526151 0.255656 0.353556
13 0.859163 0.310669 0.179864 0.123431
10 0.920249 0.415272 0.118778 0.106695
17 0.941742 0.595188 0.098416 0.303347
3 0.014140 0.359833 0.012443 0.163180