20 0.358372 0.159329 0.247261 0.054507
7 0.460094 0.254717 0.381847 0.169811
5 0.246479 0.584906 0.214397 0.180294
0 0.100939 0.387841 0.079812 0.243187
19 0.249609 0.340671 0.129890 0.111111
9 0.139280 0.352201 0.106416 0.348008
11 0.105634 0.450734 0.067293 0.163522
2 0.152582 0.235849 0.070423 0.106918
14 0.461659 0.498952 0.325509 0.318658
17 0.699531 0.662474 0.500782 0.327044
4 0.239437 0.399371 0.150235 0.442348
1 0.437402 0.656184 0.176839 0.322851
8 0.240219 0.258910 0.111111 0.144654
6 0.872457 0.617400 0.173709 0.228512
10 0.657277 0.554507 0.281690 0.111111
13 0.658059 0.444444 0.599374 0.306080
16 0.924100 0.636268 0.057903 0.115304