13 0.329825 0.388112 0.456140 0.277389
14 0.544737 0.461538 0.271930 0.354312
17 0.298246 0.616550 0.470175 0.403263
7 0.503509 0.205128 0.431579 0.209790
20 0.639474 0.092075 0.331579 0.039627
10 0.389474 0.488345 0.231579 0.193473
1 0.558772 0.641026 0.149123 0.293706
11 0.897368 0.417249 0.061404 0.144522
0 0.920175 0.275058 0.047368 0.177156
9 0.865789 0.293706 0.121053 0.400932
2 0.853509 0.171329 0.085965 0.146853
4 0.744737 0.339161 0.166667 0.496503
8 0.754386 0.206294 0.119298 0.207459
5 0.773684 0.531469 0.189474 0.149184
6 0.188596 0.496503 0.177193 0.130536