19 0.443908 0.408081 0.060314 0.068687
10 0.097708 0.593939 0.074789 0.068687
15 0.960193 0.397980 0.021713 0.084848
18 0.933052 0.526263 0.078408 0.167677
0 0.873945 0.426263 0.182147 0.214141
5 0.578408 0.640404 0.435464 0.242424
6 0.054282 0.579798 0.041013 0.080808
17 0.106755 0.684848 0.160434 0.250505
14 0.254524 0.573737 0.277443 0.323232
13 0.194210 0.467677 0.289505 0.187879
8 0.507238 0.341414 0.240048 0.206061
9 0.734620 0.440404 0.212304 0.436364
4 0.505428 0.474747 0.267793 0.496970
2 0.737033 0.308081 0.168878 0.155556
7 0.393245 0.332323 0.214717 0.187879
20 0.626659 0.227273 0.355850 0.054545
2 0.866707 0.291919 0.126659 0.123232