1 0.541985 0.702873 0.162850 0.321364
11 0.917939 0.436266 0.087786 0.186715
15 0.966285 0.239677 0.011450 0.052065
10 0.310433 0.608618 0.178117 0.114901
19 0.702290 0.298025 0.134860 0.086176
0 0.933206 0.316876 0.082697 0.289048
5 0.769084 0.568223 0.268448 0.242370
20 0.687023 0.097846 0.440204 0.055655
14 0.523537 0.482047 0.276081 0.357271
17 0.295165 0.686715 0.445293 0.378815
6 0.175573 0.543088 0.147583 0.174147
7 0.510178 0.219928 0.391858 0.217235
13 0.356234 0.397666 0.486005 0.292639
4 0.747455 0.370736 0.199746 0.543986
8 0.746183 0.197487 0.136132 0.175943
2 0.901399 0.153501 0.052163 0.102334
2 0.856870 0.174147 0.087786 0.136445
9 0.870229 0.304309 0.134860 0.418312