16 0.157393 0.777363 0.114467 0.161692
17 0.306836 0.773632 0.435612 0.432836
10 0.153418 0.481343 0.093800 0.176617
10 0.393482 0.636816 0.201908 0.228856
13 0.331479 0.512438 0.427663 0.363184
14 0.558824 0.560945 0.198728 0.410448
1 0.556439 0.820896 0.139905 0.333333
7 0.465024 0.278607 0.418124 0.313433
20 0.600159 0.100746 0.335453 0.057214
4 0.726550 0.414179 0.158983 0.624378
19 0.713037 0.388060 0.084261 0.129353
8 0.639905 0.354478 0.042925 0.166667
8 0.723370 0.262438 0.108108 0.286070
11 0.851351 0.480100 0.058824 0.174129
9 0.822734 0.330846 0.106518 0.452736
2 0.809221 0.201493 0.066773 0.179104
2 0.844992 0.169154 0.042925 0.129353
0 0.875994 0.266169 0.038156 0.199005
5 0.751192 0.613184 0.182830 0.241294
6 0.201908 0.656716 0.146264 0.124378
18 0.895072 0.380597 0.019078 0.149254