10 0.471979 0.634660 0.229422 0.187354
6 0.735552 0.621780 0.252189 0.147541
1 0.326620 0.796253 0.148862 0.360656
17 0.627846 0.721311 0.586690 0.519906
8 0.138354 0.324356 0.077058 0.170960
4 0.144483 0.476581 0.127846 0.498829
2 0.081436 0.304450 0.071804 0.131148
9 0.077058 0.423888 0.108581 0.393443
0 0.020140 0.394614 0.040280 0.133489
11 0.042032 0.553864 0.063047 0.180328
7 0.391419 0.317330 0.415061 0.175644
13 0.546410 0.477752 0.588441 0.248244
10 0.859019 0.500000 0.050788 0.096019
14 0.338004 0.579625 0.287215 0.353630
5 0.154116 0.683841 0.192644 0.210773
20 0.296848 0.224824 0.330998 0.042155
19 0.153240 0.401639 0.075306 0.063232