20 0.629055 0.132632 0.394922 0.054737
7 0.480254 0.244211 0.351199 0.218947
5 0.735543 0.693684 0.227080 0.183158
0 0.885049 0.365263 0.074753 0.204211
19 0.692525 0.321053 0.098731 0.090526
16 0.153738 0.683158 0.126939 0.128421
13 0.347673 0.417895 0.466855 0.221053
10 0.426657 0.445263 0.210155 0.111579
10 0.164316 0.403158 0.105783 0.128421
6 0.261636 0.537895 0.317348 0.166316
8 0.705219 0.262105 0.115656 0.191579
1 0.543018 0.805263 0.143865 0.338947
4 0.708039 0.442105 0.169252 0.585263
17 0.298307 0.695789 0.461213 0.444211
14 0.531030 0.524211 0.221439 0.429474
2 0.802539 0.235789 0.067701 0.134737
11 0.873061 0.587368 0.090268 0.227368
9 0.822990 0.396842 0.119887 0.490526
15 0.886460 0.286316 0.055007 0.092632
19 0.335684 0.258947 0.028209 0.046316