17 0.692857 0.705479 0.487302 0.356164
10 0.630952 0.571918 0.249206 0.125571
6 0.821429 0.557078 0.080952 0.109589
6 0.884921 0.530822 0.033333 0.098174
1 0.427778 0.706621 0.176190 0.367580
19 0.238095 0.262557 0.117460 0.082192
14 0.443651 0.472603 0.315873 0.333333
20 0.333333 0.121005 0.307937 0.041096
11 0.110317 0.441781 0.071429 0.184932
4 0.219048 0.369863 0.146032 0.484018
5 0.233333 0.584475 0.219048 0.251142
9 0.142063 0.311644 0.084127 0.344749
2 0.150000 0.206621 0.042857 0.079909
0 0.092857 0.329909 0.049206 0.198630
13 0.618254 0.409817 0.585714 0.239726
7 0.450000 0.223744 0.341270 0.164384
16 0.880159 0.683790 0.115873 0.125571
8 0.223016 0.202055 0.112698 0.139269
19 0.600000 0.247717 0.025397 0.034247