7 0.488736 0.304493 0.359199 0.186356
4 0.258448 0.435940 0.206508 0.492512
19 0.301627 0.365225 0.087610 0.071547
8 0.267835 0.282862 0.150188 0.159734
1 0.473717 0.725458 0.183980 0.306156
10 0.687109 0.608985 0.200250 0.086522
14 0.494368 0.554908 0.280350 0.297837
13 0.667710 0.466722 0.531915 0.241265
20 0.333542 0.201331 0.391740 0.043261
11 0.095745 0.512479 0.091364 0.173045
2 0.145807 0.263727 0.111389 0.118136
0 0.110763 0.424293 0.133917 0.286190
17 0.746558 0.679700 0.436796 0.347754
6 0.886733 0.649750 0.141427 0.251248
16 0.908636 0.678037 0.090113 0.121464
5 0.245932 0.626456 0.269086 0.204659