1 0.044025 0.824000 0.088050 0.352000
11 0.879245 0.666000 0.178616 0.304000
19 0.196226 0.290000 0.140881 0.128000
3 0.959119 0.191000 0.079245 0.158000
18 0.982390 0.550000 0.032704 0.228000
0 0.853459 0.485000 0.293082 0.422000
5 0.454088 0.775000 0.689308 0.186000
20 0.614465 0.087000 0.632704 0.134000
14 0.082390 0.562000 0.162264 0.524000
7 0.188679 0.188000 0.327044 0.272000
13 0.026415 0.299000 0.050314 0.118000
9 0.727044 0.383000 0.334591 0.682000
2 0.710063 0.168000 0.184906 0.220000
2 0.846541 0.190000 0.070440 0.152000
4 0.357233 0.426000 0.472956 0.768000
8 0.401258 0.185000 0.332075 0.262000