7 0.490345 0.249097 0.387586 0.202166
11 0.141379 0.455776 0.053793 0.142599
2 0.171724 0.213899 0.064828 0.146209
14 0.372414 0.478339 0.162759 0.335740
16 0.790345 0.699458 0.129655 0.117329
17 0.635172 0.685921 0.497931 0.361011
4 0.239310 0.379061 0.158621 0.505415
1 0.385517 0.720217 0.125517 0.267148
8 0.244828 0.231949 0.108966 0.178700
6 0.739310 0.699458 0.267586 0.240072
10 0.535862 0.546029 0.194483 0.175090
10 0.837241 0.446751 0.055172 0.102888
13 0.599310 0.410650 0.453793 0.185921
19 0.251724 0.328520 0.106207 0.079422
19 0.674483 0.279783 0.019310 0.025271
0 0.142069 0.374549 0.071724 0.243682
5 0.231034 0.573105 0.155862 0.207581
20 0.390345 0.137184 0.300690 0.039711
6 0.740690 0.544224 0.237241 0.128159