19 0.367384 0.391466 0.091995 0.085343
6 0.879331 0.666976 0.176822 0.168831
2 0.148746 0.252319 0.065711 0.096475
2 0.222820 0.271800 0.089606 0.153989
8 0.342294 0.297774 0.142174 0.205937
4 0.331541 0.485158 0.180406 0.599258
9 0.207885 0.426716 0.140980 0.497217
7 0.554361 0.298701 0.348865 0.222635
11 0.135603 0.590909 0.087216 0.220779
1 0.507168 0.829314 0.137395 0.330241
14 0.502389 0.638219 0.197133 0.348794
5 0.292115 0.723562 0.273596 0.237477
0 0.114098 0.439703 0.089606 0.330241
10 0.682796 0.645640 0.187575 0.137291
13 0.695341 0.487941 0.468339 0.263451
17 0.755675 0.806122 0.419355 0.324675
20 0.380526 0.166048 0.366786 0.046382
19 0.711470 0.321892 0.025090 0.031540
15 0.078256 0.346011 0.013142 0.068646
18 0.081840 0.530612 0.017921 0.070501