19 0.842294 0.416996 0.038232 0.055336
15 0.376344 0.539526 0.105137 0.090909
15 0.125448 0.455534 0.016726 0.077075
12 0.260454 0.338933 0.243728 0.215415
16 0.199522 0.587945 0.086022 0.092885
8 0.762246 0.333992 0.162485 0.185771
2 0.615890 0.332016 0.161290 0.201581
2 0.497611 0.328063 0.044205 0.189723
9 0.631422 0.493083 0.201912 0.539526
4 0.767025 0.485178 0.183990 0.507905
14 0.885902 0.543478 0.080048 0.264822
11 0.501195 0.821146 0.158901 0.318182
1 0.876344 0.641304 0.077658 0.203557
0 0.508961 0.597826 0.231780 0.397233
5 0.717443 0.750988 0.266428 0.146245
3 0.270609 0.448617 0.299881 0.517787
18 0.283751 0.738142 0.366786 0.341897
20 0.529271 0.204545 0.425329 0.061265
15 0.298088 0.529644 0.075269 0.083004