18 0.627622 0.606329 0.503497 0.402532
3 0.675699 0.424051 0.372378 0.346835
15 0.566434 0.467089 0.262238 0.113924
15 0.851399 0.362025 0.038462 0.091139
20 0.451923 0.136709 0.347902 0.065823
5 0.228147 0.511392 0.141608 0.177215
0 0.425699 0.456962 0.284965 0.270886
19 0.151224 0.239241 0.054196 0.048101
8 0.215035 0.208861 0.083916 0.129114
1 0.149476 0.379747 0.054196 0.156962
4 0.209790 0.317722 0.115385 0.372152
14 0.140734 0.339241 0.054196 0.182278
12 0.573427 0.235443 0.377622 0.177215
2 0.375874 0.268354 0.055944 0.121519
2 0.291084 0.229114 0.096154 0.154430
11 0.353147 0.624051 0.108392 0.245570
9 0.282343 0.346835 0.134615 0.425316