0 0.114383 0.351423 0.099660 0.297153
15 0.070781 0.258897 0.012458 0.069395
2 0.121178 0.162811 0.070215 0.137011
11 0.137599 0.484875 0.091733 0.201068
9 0.166478 0.310498 0.124575 0.443060
2 0.180068 0.182384 0.081540 0.161922
5 0.266138 0.589858 0.219706 0.186833
7 0.483012 0.199288 0.322763 0.220641
13 0.678369 0.376335 0.523216 0.258007
6 0.900906 0.513345 0.130238 0.229537
16 0.941676 0.643238 0.066818 0.154804
10 0.743488 0.557829 0.232163 0.161922
14 0.508494 0.497331 0.285391 0.414591
4 0.288788 0.362989 0.174405 0.548043
19 0.310306 0.288256 0.097395 0.096085
8 0.288788 0.196619 0.124575 0.190391
1 0.505096 0.744662 0.210646 0.371886
20 0.330125 0.075623 0.392978 0.040925
17 0.763307 0.675267 0.434881 0.389680
18 0.078143 0.393238 0.027180 0.128114